8646778
8645510
43266344
40193277
5191
25575
3614
7496088
7491294
13763
11898
42602
13762
34187
38112
33370
6751878
7496166
5181663
11334
25048
11335
11338
28652
24787
7496191
28136
11337
5075970
4663
4664
34144966
9657
5932
15687
10108
37611
14329
20613
12055
13203
6718
2566
26495
5543
5733
7047
21194
6092
5490
38009
7418723
7418695
26444
7747040
39725746
7663202
7664655
7662926
7682410
5464
7682405
5194
60532017
27992
42358
34891
9996
25393
8948
35589683
8484059
66907748
67025724
35460570
60789468
30614
31072
32005
25291
67179305
5271
11371
5806377
5913862
41492
25580
3912269
6467348
6057926
6824335
32738
24232
60843990
12446
27760
17479
25171
23329
11865
469934
28267
36625
28120
43998
42829
40502
19476
5242269
5309272
4339
40281825
4338
51102904
42462
11301
40432848
9509
33939
5284147
50021372
38070
38071
55068739
32680
12175
1189
20522
20437
21026
34738294
40283
7154
6995
29700
16256
23546
31537
26339
39711
43886
9674
9675
29991
49817372
36441607
9676
14045
49817622
5205176
49817625
5205173
15827
994
3142808
3166087
26006
10796
10243
4718
35224567
2516
32928
2548
33186
38267
8847212
29845
35208814
39989728
39989738
5330563
39989741
39989745
39989751
39990930
50458876
35224565
39990932
39990937
50458872
5367575
35961355
35961357
44055
40118
35224569
10170
23663
26477
30020
27819
35233
39543
26065
35983795
11043
11725
9776
25848
9631
5180
36282408
1775
36611867
11041
11455
10359
5203
26716
10570
9877
10842
36282386
36332914
36271748
42376692
5167171
5373868
5242466
4663490
4799581
33568
61102818
34463
40595
15102
469942
30222
726
5242279
37078
43999
7307
42764
29701
16255
18735
23666
4663491
4663492
21158
20971
16483
35961258
39989566
42579
43885
10242
10207
2077
3166089
26455
10797
25252
50458879
2866
35589694
8484461
27975
33054
17430
9420
26400
5778834
42204238
4642657
4012166
4664817
183
18836
26463
6973
37398353
20532
579
577
502
6397
26718
10839
15088
950
70111431
7536
620
10378
5144304
5820988
1119
7152374
37966810
37966780
7157408
6970117
7152645
6490243
5745008
36881253
36940987
32220
5893946
36014558
46456979
35983968
35984253
46456975
47406427
28405
19923
7099
4429
4428
4427
4664447
2375
19904
17989
4430
7097
68944772
567
5639
7770
617
10022
5943
10023
2973
7349
2972
37966809
5757490
3968
5368922
1116
148
5508194
6742126
5744998
966
1897
622
1889
9265
9273
147
623
5446902
625
409
6452509
6108464
6108765
391
405
5843831
406
619
36320134
50915494
35232969
2376
12058
29851
12063
12062
12742
18643
18644
35258642
7108070
50721768
23112
50428533
39122742
37867319
5330594
215
260
263
2155
9156
480
220
257
39054
22
4011674
225
6551
5890
5239154
16873
34795704
18501
17653
9563
5123
19834
12937
9353
34658966
23014
4899
50421792
555
50423163
50423166
50423504
50428197
69
50428204
50428526
9295
5776204
38997571
37866229
37867315
37866695
39413152
60646763
2120
8866
4005857
158
39833492
45400148
9860
60846003
1550
1479
5745009
4011355
42002701
20004
61042441
4808740
5490628
5994686
34133316
5490282
6970114
6750244
39122543
5738355
18147
12653
4664262
38466273
40048077
40048071
56194114
47401463
35983940
47401462
47401466
5412
14436
14435
14437
12589
7294
18525
5400
18619
782
733
6457
6439
28097
11473
11474
11476
11477
11479
7935
11481
20078
5022
6108856
17666
734
1105
955
952
953
18369
17669
18146
34192639
35232962
13628
73178683
24217
73179514
73179515
70967615
70967616
70967617
36932133
4733
5347157
11490
6517762
34520
4153400
7640585
8259225
34794841
3717
5129398
39762116
39762106
39761992
39762108
39762109
39762110
39762111
39762102
39762121
39762123
39762131
39762122
39762125
39762140
39762137
39762154
39762155
39762156
68439831
66203111
39559543
39792752
39792749
39792750
39792751
39792710
39792711
39792707
39792708
39792712
39792715
39792717
39792716
39792690
39792689
39792692
39792691
39792697
39792699
39792698
39792736
39792745
39792746
39792741
39792748
39792747
39792733
39792732
39792729
39792730
39792731
39792725
39792728
39792727
39559542
39792754
39792696
39792755
39792706
38819192
7552106
34793035
7552017
51642605
7552101
7552022
10540
5501
43503645
54405284
856
10138
13471
8338554
33771736
8338551
7540396
5862455
18684
7543678
10671
7540408
7540410
22059
35246572
5959201
35622488
38472
7593302
9945
7592163
7599213
4130231
7562055
4130229
7562051
4130232
4130233
7562053
7562065
7562316
7305495
7562061
7305461
7305465
7305472
7305490
7305468
7562319
7562322
1976
44736
6524044
2660925
6524041
6524051
6524048
14024
5331651
7305506
36474
7305519
7305512
39965342
5331800
7577830
7577979
7577834
7580232
7577819
7577981
14025
39965330
38342
7577644
7580241
10760
7577984
4320
7578055
7578059
7578247
5331789
16206
7149854
34865949
7562058
38343
7150022
18875
927
5332767
7580229
68897847
47790307
66570920
69341815
68897845
69340317
69341172
68246029
8283653
73180574
73180621
73180622
73180623
73180625
73180626
73180627
73180630
73180631
35058
43588415
40056
8304335
8304339
25471
42506616
42506469
34865956
73180676
73180678
71833307
20257
23296
8993
43492
197
44491
10792
9607
42902
30865
34795777
34795968
34795973
4011149
30185
38711
44022
38583
8304969
36527
35844
24789
65747919
65747915
51885744
4085485
34927395
8259235
8259232
34794857
35436934
35436933
70359879
65747916
8287378
53621846
70356418
57357091
57357077
5373642
59067965
60328958
62828788
8302872
16147
13760
13761
34958928
5785664
8248775
12566
34865962
43053179
32309
8257796
8248784
8248778
4006819
8257508
5785661
3807
11571
8248762
8248771
8248769
8254819
7148642
7148654
8254823
8255655
8254885
2367
8257501
8257498
8257512
22209
8257775
8257540
4825688
5785663
10707
73182300
73182299
26920
34865990
56671962
7185897
7185895
7185887
7185893
6786
73183193
6785
73183194
4585
73183195
5335
5243
73183197
4115
5606
9434
5472135
7549733
7549497
5864459
8548
16968
7549248
7549250
7549366
43736
4063124
4063126
4063120
4269665
8574
73183201
4330064
5472120
6476104
5865623
5332778
246
3976
7540782
14044
13216
299
11504
5370192
2661
8106
8380304
8381888
8381891
8381900
2658
2659
8381902
2660
5347315
8379257
5347305
5347309
6514803
26663
63856674
8105
40193841
70625722
70625715
70625714
73184271
73184265
73184272
73184273
73184274
46337746
73737098
53265206
13920
5392795
7157439
40640
1913
7157455
5392813
7001513
8611030
5396328
5396331
8611118
73184259
34806429
73184260
44266176
7157482
10069
70625721
7161988
7161980
7157437
73184240
38023447
70507811
4017088
33388
8334452
8334513
34801374
8285884
31672
5337943
8101
6770
5785971
4002999
8285320
8285338
5785969
5785963
39903
73184368
8285330
8285372
8285376
8285058
7148662
8285030
73184369
73184367
73184371
73184372
8286091
6518628
22184
8167
15761
41630056
19291
7148698
22063
7148705
7148702
7148710
34661814
6821076
37206
2267
16613
8285859
4571
4572
73184349
8286031
73184359
73107732
4664423
9576063
73184357
73184358
31833
4591
6975622
73184409
24878
8283656
5785240
16530
8304938
4632
34882771
7614510
43062
7615617
5175488
7614514
9528
4153409
9867
4153408
9870
14782
7620038
7620319
9529
4153410
12417
14962
7620855
5347181
9044
306
307
8231
2431
15206
10828
10997
4269371
6507171
6507176
6507165
7446995
6507168
7453426
15780
311
73184691
5399047
38387731
70360575
13887
80503044
8168
4040203
73791924
4039962
21559
33948
5428807
43783
5427194
40719
5427185
5427182
70967623
113
1708
1707
41604
7166645
5843929
7166642
47212987
34794898
4153355
1808
40580
41364
41135
5814773
53132709
53132767
7185899
7185904
36500
4085608
4153440
70625718
71032413
8334600
15840
10244
10387
10386
10245
8334664
31242
71032416
71032415
14026
71073752
71073753
71073754
71073755
71073746
71073747
71073748
71073749
71073750
71073751
71073757
71073756
8394476
5368804
7266
5368801
1191
8289424
8288226
8289422
1193
80416295
42144
5392018
8288193
40183
38575
8288189
41317
53886851
12320
8394482
5368129
769
8289440
7265
8289669
770
41792330
8289678
8289694
8289696
8289699
8289683
8289686
768
5368132
5368052
1194
8289740
73184878
73184879
73184881
73184882
8304296
186
34795763
34795769
36149422
3146
47622758
8948480
8948483
8948475
8948472
5398949
5398953
5398957
5398961
23810
43137879
43137867
43137856
37311468
15198
7165617
5748
7162756
24104
7162751
14379
7162753
5208331
5398933
7165632
5398927
5398936
34866015
34866018
4012401
765
7162723
6627
7162716
7162692
10115
3601
15543
8382430
34534
31603
3906826
3907291
35142327
54024781
10401
10163
5392065
5392062
5392056
26910
5391995
5391989
42744
21450
11551
40195
21453
22886
39344
39341
27237
35142294
31439
73184934
51074008
42375203
42375189
42375205
42375185
37123
50781613
44266021
70967609
70967608
71032398
43326770
53276898
7157473
7157475
19078
7157478
38486
70625726
73184954
73184960
8527
73184961
73184958
17137
73184969
7185929
8259207
8259144
72421997
74326720
8739
5398965
69411473
44509972
5331857
6533
8578
4658770
7162117
73184971
3905066
7162115
5466716
1231
7166318
1612
5392644
69411470
69411472
69411471
73184978
73185763
73185764
73185765
34795793
34795848
34795887
34795911
34794795
34794821
34793738
34796005
34794825
3509
35021021
8304936
8304934
8304930
8304932
35436935
34796002
810
8335116
8334704
44694
10524
8334908
34795951
34795958
56339413
7310472
43086019
17366
58502789
10520
65977528
70625727
73185079
14963
7310475
8258388
6057953
7310479
8258392
63560355
1183
8260279
22130
51475870
8261447
51475779
32102
6781
12221
5793901
69411474
8258359
8261432
41813
5427694
42578678
46380579
27021
42407
44194685
6523654
8334434
8332200
8332214
8332218
918
7046
3817
9532
7654596
27098
13463
7654609
7654613
41630065
7654602
8304990
8304981
35436936
51597533
35436938
35436939
35436937
35436942
35436941
35436943
35436940
35436944
35436946
35436951
35436949
35436948
35436947
35436952
35436950
35436955
35436953
35436956
35436954
35436945
38789304
4346
33579
37286
7446768
7446776
7446780
7446782
7446784
14475
73185095
35436923
35436921
35436922
35436920
35436924
39149764
39149766
39149760
39201097
9530
73185405
39397
17239
11719
73185139
73185400
73185217
8394505
44575
36956675
5995635
7441912
7441907
9402953
73185132
2880
5401664
7433219
7433221
7433214
35141236
35209731
73185448
17719
18583
47087098
12214
41630070
8394507
73185207
73185208
5326
4013653
4014242
4450
4014240
15610
4014241
15609
4014243
429
4014245
427
4014246
5337
4014248
34880909
34880776
4130201
4130209
7282813
7282809
7282819
7282816
7282787
4130204
6043882
7282806
7282800
7282791
7282803
9485788
9485785
9486117
9486119
9485685
9486122
8394262
8394272
9486383
9486354
9486377
9486386
9485623
9485607
9485625
9485616
9485632
2411
9485629
24758
3177
5901927
35997
5832
8590740
40462700
40478442
40478441
40478443
40478445
40478446
40478447
39686340
39686301
39686697
39686317
39686329
39686692
39686351
39686685
5463978
5463971
5463973
6836787
5473131
5473133
5473130
5473132
35141252
35141648
5463964
5463953
5463955
5463959
5445702
5445694
5445701
5172
4658558
5958897
7440591
7440608
5171
5959206
41511907
42780211
65040586
65040588
65040587
65040590
65040589
65040591
32026
73185447
35021149
35436926
35436930
35436928
35436927
35436925
35436899
35436908
35436903
35436900
35436902
35436901
35436907
35436905
35436910
35436906
35436904
35436911
35436913
35436915
35436916
35436914
35436919
35436917
35436918
35436912
5426268
9806
11317
5426282
2609
7789642
5426287
6490209
6485529
6485069
6485062
6485067
34310
5958822
10238
7440575
7440578
7440528
10239
5426264
5426318
5426293
5426315
5426278
34799463
42707693
49042624
26695
5901859
3141
2840
20707
6790
3909482
20706
3906820
8948462
44697
23984
20230
15006
73184389
9591
21056
5426327
7068
5426323
70967613
70967614
7412
8841768
35188328
42552
73185488
23447
43891
36943755
8335528
5369093
7433914
7541494
7433845
7433853
7433412
73185492
73185493
73185495
7457415
8841
9946
8304963
11740
44592
73184876
4085494
4085496
4085493
22171
2683
14227
8382180
8382182
5427221
5428818
17447
5427237
5427230
1981
34374
34865971
44492
33198
8063
5427888
5427212
5427474
6507226
5427833
672
24033
16418
10887
73180584
7656475
7656958
7656465
7655668
7655398
6480
6436
17973
16814
7455159
19728
18500
7455170
9260
15950
64833955
64833956
64833957
64833958
64833959
64833960
64833961
64833962
64833963
64833964
64833965
64833966
64833967
64833968
64833969
69576090
68502415
68502422
68496289
68495184
64833970
64833971
64833972
64833973
64833974
64833975
64833977
64833978
65924156
65924155
65747920
65924157
65747923
65747924
65924153
65747926
65747922
65924152
65747925
65924151
65747921
65919512
57655716
41835258
73185522
73185523
20656
7185908
7185902
13888
65747913
73185529
70818186
70818189
3584
6614
4063158
4063159
7108333
34700
7108088
7108092
1276
7108331
16452
16451
10662
1768
8065
1275
5520
6507192
7108021
7108027
36765065
25421
17438
7108085
7108053
16203
4661770
7108037
5325077
3082
878
31986
36467689
37000763
7185919
7185916
15466
5247472
7120445
46380766
39132
73185552
73185551
73185550
73185548
73185549
34881210
66494804
8611016
6795897
26668
4003268
20712
5426087
11625
9341
5426077
1273
43286581
11411
13780
74247951
74248211
39753
7096684
7096688
63680250
69411467
69411466
5414056
5414061
10473
42101
5807257
7330245
34802495
5426091
6421
4442
70818192
27545
4063160
7137830
7118872
16022
26720
31877
4006894
3906180
44711
7137827
6525168
3581
7118861
7118855
59889029
7118895
7157417
53472058
7157420
7305426
7157414
7121279
37408316
17439
39921
7137946
5387817
59887213
59872900
44654
7118906
6641
43089375
65747918
65747917
6460
59628504
5916436
8247369
6367
59637957
8247558
1651
59620985
34880959
5916191
6514881
73185566
4269696
4073
8262213
8262205
8262208
8262219
4970
9316
5840332
59580912
8284242
60742248
52629083
59621819
61273404
59621853
59621861
61269981
64415032
41525909
9189
5586
1453
8273232
73185578
40503
5844661
6769
8246377
37728
2708
29617
2926
5129126
8232251
11619
11618
7148620
8232228
7310448
8232207
7310441
8232204
3021
7951582
7310451
7951586
7951576
3019
4819
69411475
49660078
8233631
7310464
7417285
7310462
8246384
15728
73185579
73185582
73185583
35038783
3908914
47685237
10693
31971
8304993
43266336
43708867
34866140
34866079
34867027
7166287
7166297
7166291
7166293
34141650
71032412
5392631
5392634
5392637
5392641
7166299
7166302
6821091
4105
6821086
4005874
50472074
6821094
5591
4005882
7457424
7457418
73185634
42093
7543544
2445
5475
4725581
7543675
34808609
28687
7543717
10045
30801
73185638
73185641
73185643
36325574
70625716
29737
7166647
69411468
7324673
9898
32332
73185725
73185726
5857708
30235
34866070
7324654
7185880
69411469
46337749
73185727
73185730
73185731
4716305
40462800
37051058
34806150
35359933
73180655
73180662
73180659
9220
7422552
59398722
5884
18533
7422534
2117
6513051
73180664
7422524
16758
57357097
9469275
46337745
73185761
73185760
73185762
70625725
70625723
70625724
65747912
65747914
32686
44194689
11148
13768
5429478
5429543
43501
2552
10597
43454717
6507222
13769
5427588
2578
19343
13925
20345
5428801
16308
34865976
16616
8388058
42676918
8389049
34800203
11461
8389539
1577
8392476
5742560
279
8392478
6476133
235
32287
8392485
6268
8392489
39821
8393253
6561
8392754
5319
8393260
38985
42233
8393262
5069
35449656
34865968
34986011
34880920
6396
21910
17149
40412781
24884
5853233
5853246
34134696
22021
237
1486
8812
5428318
5428324
8027
21092
7874866
37867378
38740861
51464412
38997584
38997574
38724317
38997572
59287948
38997573
488
60509439
21816
8592864
51
8738
188
37
2097
1029
4152
276
2033
2032
274
8747
240
7989
9342
1031
82
81
17135
16625
10693789
35586676
130
65654787
19715
6074177
5853252
5853139
5853146
5853156
7017138
18716
43278163
31658
19486
15987
19485
16064
15986
15984
31657
43278172
12486
4894
12126
12131
232
4958
46357554
46357708
32797
11811
656
6756
16865
51332142
12135
4439
6972075
5837831
12134
6972080
6972083
38997582
38997581
38997579
38997578
38997583
38997580
34922
33564
5854997
5398804
4422821
8289765
8289952
7878586
6492
6144
17962
5012
5288842
4578060
8675
6362
6361
7969
18822
18823
52371704
52373810
34666460
34666533
136
8733
18830
22016
134
1356
8656
10539
438436
60810348
4283
453806
505430
1008163
26696
36707
16683
1020
535
47
1023
1876
7277
66192
17934
17933
28020
32174
17999
17940
17941
413705
18150
34884
18000
21290
12838
12837
17860
17862
19912
397424
16907
10120
39066
16137
13603
5130
492553
8284
20734
28471
28334
18273
18272
41302
5768326
28450
7326623
23446
397384
12801
24601
35150
9613
397298
9612
10791
419443
26906
10297
16653
413857
13714
10786
397328
444495
15169
13968
13969
397534
6717
25635
24165
397368
13296
31506
23453
32066
40007
43909
31190
9405
10347
31291
36378
10345
24029
5488
10144
21038
35276
10140
9504
10145
10146
17255
9489
9488
29745
35705
5471714
16189
16525
39459
403222
6805436
21252
33777668
35223910
1125
5948065
29192
34030
10172
10171
30383
28908
36263
24280
30382
31521
19269
20372
25072
41956
13949
10590
438600
41948
44423
12435
37102
12437
37104
39445
40293
44440
37098
37765
44428
7092
37092
27477
7875291
27210
36672
793
22319
22508
16601
37283
5227802
4649897
16972
4012201
5306371
47412836
60230956
35117
25383
26159
5740786
10732
33293
33291
14480
17377
24186
5659
4537
5661
397671
6939
6940
12430
12429
28827
43564515
5824365
11652
7094
20195
6935
6934
434593
3854
30070
328
20318
42638
4718969
15467
5757141
403094
5840331
4536
492457
6553384
20193
3119
33745
5892852
5748911
29037
35020750
74190241
7563
7560
7561
7562
45394960
6799
3902
37246
51871427
41910
37763
40325
37115
15994
37088
17347
37086
44419
27909
27911
21541
514
5765414
4532
6928
6661
1125781
42108
9168324
27627
3263
44397
41888
420821
29202
36141
5149
5150
12401
40287
66329882
66329873
66328123
4271
44451
13260
43141
9598
13837
34566
21329
30708
33437
26394
41877
754
20454
35140
23917
23918
32482
20973
4605
34521
34522
31488
41630
41627
30124
4781
30187
31733
35022174
6769869
22262
37491
34555
16126
40838
37876
46952757
36276
27630
18966
5736208
33685
44061
37859907
6941
18884
31429
38425
31469
27873
5394
27269
29210
5911
41478
8257479
8257458
8257482
8257462
8257468
8257490
8257473
8257495
13370
13371
7664659
5395
4245894
4245895
8257432
8257434
8257442
6055
55398967
5752225
56176719
39568450
9037
10984207
10719
10984226
38212
8346
15042
15041
11877
4006982
46533014
46582444
46533019
46582448
19110
20347
15697
7023
32595
41654859
41654399
41653741
41654862
21614
14008
8070
6823879
6823877
6032884
6032891
6409052
9002
5330560
8424
46349233
47705604
34794473
34794464
34794479
41666
35888
31050
38824
16324
16323
26587
16708
8372
19163
15226
9075
16768
15130
8367
8368
19158
15146
32184
15314
5716
15049
15047
8352
15135
15133
19107
19105
5427217
5464840
5401597
25109
5401586
5446981
10836423
10836419
10836564
10836563
8374
10836569
8416
10836571
10836586
19136
15054
9054
8375
16721
10836584
9795
2660630
2660632
22946
4009913
15138
41649753
9059
9062
50459619
43045
43044
8332
8334
65695342
5892873
10063
49746657
43495
5225773
6452588
4667005
4667003
8257376
8257381
8257384
51369863
5305054
804
5746
5399569
32244
5399042
9132
24495
43560
30510
37444
36112
31910
23725
5307269
5308005
9651
12612
46534079
