7747040
28120
15998
5450224
8818
34958928
6514803
28205
8284477
66554585
6553384
24029
65924151
44451
44058306
1183
32787
38740861
5305054
13762
37609295
4663490
197
409
274
8261460
6970117
9260
65455513
15054
43278163
42902
29745
4063159
8214154
10177
4445516
5543
29062
30222
31910
9857
10115
5347181
13949
35117
8255657
7879392
72421997
3807
64833964
37638602
30383
12004
65747915
8304938
10214
16708
8283979
8258307
5332767
6467348
10835
25421
43107274
7578
5471714
25291
34796005
397671
8257490
4667005
5606
65040578
34795958
11075
39792725
21539
6409052
58578639
4664423
7068
34806429
240
7282809
12429
65924156
64833936
31314
38997578
11652
7455159
8993
8304990
7541494
26587
43454717
39762156
1651
40595
5398804
6057953
19136
55625031
36511695
9402548
20195
64833974
5473130
8289740
42144
26495
148
38333
38724317
8283653
68136843
8392489
56339413
7455170
60646763
69411470
11871
9402953
7205
46288337
16798
36672
9168324
5337
72142412
37971
5688
15305
1712
31
7028144
8393253
5733
782
8262219
8747
1775
6044
36622327
7446782
10167
7543675
5659
5375138
21655
38003
32035
2123
7108088
12791
1708
11631
19392
31439
5180
39152249
42506616
47639121
8948472
35342
13296
7108085
70625715
8083366
17438
55068739
5843831
70782434
5994686
65455510
34618977
18914
9576063
10792
36353652
405
8611118
23459
39762154
2323
8209584
19040
10953
9874
9486377
17669
8660762
10693795
5463944
60518737
950
622
6941
9342
5398933
3166089
49660716
7232
18500
1356
6742126
34865990
14436
5284147
9634
5840331
32995
44266176
13394
14475
31866
33779722
44001058
35436919
5133117
33745
7162723
8262208
14025
6075
5463971
8333813
8304969
25252
12954
7562053
8257495
8285025
36348047
9509
9528
4105
40412781
7687
5153352
11337
9075
44491
2376
44022
17933
42237969
567
36622323
64833948
29277
5398957
16865
25562
7656465
27369
4547610
39297
36055200
40193277
49042624
34865968
16147
6987
16206
36354311
35436934
17934
8380304
7157478
9852
9598
8382430
64833935
10842
11479
5181
13390
7152374
9651
68981213
42375189
40191265
1554
25022
10554
3817
5211
35141648
10401
804
15226
52194324
15049
7323
7620855
1125
11143
6830893
23014
37390
23333
11140
8288777
37723
34795951
29210
5214696
43501
469934
14738
7324863
67220775
6436
15135
6821091
1020
56176719
66447139
64833970
12742
50021354
397424
9486354
35150
8200943
70625722
33229
7453426
71073757
16189
81
4130209
25084
68542216
3141
20707
8230650
37286
37092
41654859
8213953
9154049
60827248
7096688
26507
37765
55764169
36511711
7162716
50021372
39686340
4793902
5331800
7108333
34880909
8611016
14044
44194689
31306
39459
9295
50458876
9154145
65747916
34866018
7543544
7461
26793
21056
39792748
43266421
16966
14900
40183
9054
15650
44061
9420
9489
6718
70625716
4014243
6824335
26333
39792755
4585
43588415
42108
66192
15609
36511699
39054
34374
37294703
36675072
52192897
19975
36622320
35223910
8367
63856674
2486
42744
39989745
59287948
11381
5690
39762111
6763814
23120
42616668
8070
36511707
14386
1572
39989566
64833967
4427
65040579
32562
7157455
4039617
55771789
17989
13887
40653825
1470
37086
7166318
24789
7879389
6507165
12090
15557
3907437
9154285
39762116
55123517
31578
619
11949
30891
4011355
8394507
43266336
2762
39344
8254885
28343
7324654
4578403
1545
2660925
2659
70625714
56684397
34741452
738
26716
20332
7108331
35209731
10662
6485067
47401463
12977
40517096
8257374
5901859
11719
53621846
9154808
555
35460570
71032412
9498347
8254880
616
23984
8812
22021
45199357
10242
7772983
49794299
3909427
65747923
44736
44667437
6699
37638594
7065
1125781
27992
23447
19249
21541
7562322
31469
37600802
35246572
41630065
8235047
6396
7577644
14008
36126336
24783
36353559
5650
15610
5368052
5853233
38397073
34666460
46952757
8232228
9613
4283
38303144
70818192
57283363
8590512
30120
40478443
2482
5331651
7282800
35233
186
3142808
5426077
65747925
8388058
8262213
58912745
16683
65040582
8302872
40719
7580241
10768
16970
5401597
39792690
37966809
47705604
13259
70625727
5401586
1193
8811
42845334
6439
6490243
38374
2578
7324673
8261448
69411468
12837
43266344
31877
37475705
25797
16618
453806
51156720
8292
27234
55012608
60846003
5737356
10347
7418723
6553852
1039
1479
24787
25054
9529
65040580
8026737
36765065
4014242
12435
26561
51597533
14045
397328
4012401
994
58578773
3581
34883201
42780211
50597216
65695342
23335
8261457
35436905
9591
34947428
7161988
7781665
36511720
21904
5427194
8194497
39792741
38575
24726
47212919
19105
4563285
38997584
10108
8254823
35961357
30020
70818189
5426318
27923
8527
39989728
7161980
397298
4658770
2866
3186
36126328
5069
33370
70294897
42602
36707
36675075
7580229
41627
8208246
8285859
5183
7282791
8338554
18501
5865623
36622342
4663
2839
60827253
419443
12062
5757490
66329873
4269696
71073748
8334704
44397
8394505
46357708
5768326
68191962
36432573
41654862
6524051
33596
35224569
58129257
45074682
7023
14026
50156206
35983940
65040587
36881253
15994
7277
42764
8273232
927
36098
21158
20004
6092
8257442
64833965
7003478
1408
50472074
8428025
5022
237
4003020
6137
5398953
7441907
27801
26065
64833939
8424
26563
41835258
5398927
7781790
5401664
34793657
7540782
27850
6533
64833950
64833945
41877
1194
26657
38985
9855
53445743
11618
4667003
5475
726
7064
43237862
19504
38466273
8304981
31537
35010293
8262237
65747921
29617
8213272
28771
16797
6072601
4063126
1910
6253
28999
27545
7118906
4153355
31833
8173618
5306371
29845
12430
36378
10570
19110
37060784
38070
4512
13947
1276
58578259
47
4346
43998
5392795
8338551
7782077
15088
36320134
5221
8289422
22946
5205176
32066
8213282
56171141
39821
8334600
8172501
5181663
6507222
60308118
8106
37845447
5196586
8334908
2548
44419
5392018
33777668
15200
25109
56157013
65919512
18648
34134696
10583
35359933
50204371
1976
40647138
35021149
10238
70625726
67660635
8394482
7162115
64833963
44711
47193808
36354310
7446780
23546
5203
7546504
5428324
27909
39792729
66329882
34865956
8381900
36622324
5844661
23918
20613
30185
53886851
8173641
65040583
34144966
27760
39762131
34949120
43137879
10157
6661
8379257
75
37638603
56921136
14158
596
8262635
6895
793
10786
6074
18684
2225
15543
13447
41649753
12437
42211272
8230504
65747926
65727043
966
14435
25055
24171
8948483
10170
17255
16482
24519
34030
16174
4063160
43891
7166299
4718
33498
40191268
23112
7282813
6039
36932
17862
2097
7562061
13760
40195
43504126
10926
3703
8230494
65924152
34667174
7781661
6108765
34478
15006
36982473
7310464
6821076
42676918
5196597
6727
1434
8289683
328
10069
6972080
8289669
5225773
38997581
8841768
50423166
6805436
32686
10345
7305490
6268
397368
5398965
8394262
39761992
23329
5427185
22262
50478572
35449656
8184083
8289686
4725581
1909
39687474
5330560
34795777
5426091
50182883
11371
6979767
5392631
10836563
44055
44697
22223
6057926
28311
28097
51093631
37638592
68136232
7760214
7433221
37045428
44054759
10207
11021
7549733
27241
5814773
7552101
8262220
6476133
13284
39792750
5
5833138
16132
51102904
36511708
10943
20347
8248784
16451
34796002
9860
34922
33948
37051058
67372202
35142327
34438
50607718
35888
65391926
6040
2077
1577
17334
17377
38643382
7326623
39792745
31050
4537
14453
34865949
36622333
34802141
5398936
8273225
68207032
7235
50428533
8284242
10859
32738
48291386
33437
51093623
11411
5490282
1550
35458407
4063124
9996
36622317
5738355
43089375
7578055
38997580
67612123
39792705
4517
7185897
8232559
36622326
36432572
37235907
25848
40048077
14148
7457418
6517762
40399
8283656
4528
193
40517093
8200946
27796
4761727
64833959
4246190
6518628
35438121
37476123
18619
41478
34793738
8394476
8289765
36675071
6524041
5892852
26047
2660632
6823879
34795887
8329747
40294866
7547107
9485616
8257458
28020
17347
35776
260
5392789
6785
5172
5932
7224749
5463968
39122742
8257384
4664429
8548
4799581
10984226
10582
64833968
47212975
8261427
32333
35436901
8304296
1191
5775780
27630
21890
8285884
41630070
17666
43512338
5427474
37638596
3177
5412
38541049
46766387
7310448
7185899
7307
39833492
21790
33939
17481
36511694
26477
17940
9738
16625
1758
8304934
68980111
19086
7156
17791
43736
7582
39792732
44468
8208272
37123
64833941
21450
130
39792736
43141
8209592
8381902
33299
56682363
24727
8257360
5463950
10796
17430
9002
65040588
10023
36511717
65747920
36127
43044
42579
492553
20320
24217
39762121
64833972
42868631
69411472
5746
69411473
37638589
6953
1891
6799
16324
42376692
7147
9132
4011674
10836571
9114
23673
35589683
68502415
40318854
7310451
59621861
56682366
23731
1023
8262192
51172169
49659762
15311
113
34463
55763903
12518
37104
7397
43921
4269876
36511714
15831
7148654
672
34544
43313080
6667
56671962
3907291
5330594
65747919
7422534
26506
36622331
7422524
20807
31488
15198
7305461
51835142
43512940
2485
5785661
11432
36149422
47346813
7148662
66412612
42211620
276
7249684
2609
8484059
502
46380579
15146
37115
7157417
5760157
5426282
70294899
16308
1008163
22059
8257785
44694
8393262
19912
3614
162
11317
4006231
6821086
1077
2660
6963420
4431
6627
10836586
40462800
2155
61306940
47004274
8285030
5205173
8230646
47406427
36432576
2774
49641829
34892032
22772
21794
34279016
48048184
8334452
13850
7196
3061
2069
8258614
134
39792752
46533019
8257468
8484461
59398722
12612
31986
61042441
34801374
10524
22
1273
5081
37389
5426087
7108037
9143609
7989
40405798
17312
7073354
23917
71077245
579
35983795
5463959
16203
5012
4040203
35329
10987
5400
2117
12989
18823
397534
31734
7154
5798683
2228
6786
13573
8262629
65727054
7305495
4012166
6507171
20734
5914446
5194
35276
810
36741043
50459619
8841
8258299
37154803
10836584
5785663
21092
8262234
16452
9220
8262203
64833938
3906180
7194
2840
5426327
235
7874866
5331789
35232962
13800
32482
38991100
9059
30187
7099
39792751
11564
5450412
39445
5445701
8173653
70356418
7951586
11035
20454
6614
39792746
8261441
25515
8945153
5392813
6073
72885197
40294871
5911
31210
38991249
64833957
27053
6240
7577834
5144304
10145
9870
7654609
17447
36511706
15697
71073747
68496289
68897845
17336
14437
70625721
10539
8656
38997574
36112
6042
8288189
1031
37638591
36931
39792697
11041
46144660
28485
12506
5175577
5748
34884
8285338
42462
2561
7457424
5519
2620
25393
8247369
8289678
4663476
50606504
8257462
2121
13628
5396328
158
23810
39792708
28267
50597214
65924153
4009336
21026
4532
8675
5827
7092
8262255
8248762
25064
34794841
27237
35436907
8289440
36625
60639761
4009913
10760
5745151
8733
36354312
8375
8611030
620
57655716
34566
7185880
5853146
18470
70625723
4632
30070
7422552
13920
7305472
38342
36377
8262199
36149953
37
5820988
29455
47670095
8286031
22016
65747913
63560355
7305512
27819
34794479
42093
32797
3906826
5840332
41630
42002701
5776204
47247668
41792330
7223
7549248
5398961
2120
55768300
12988
5414061
5463978
11625
4687
39990932
8173659
15130
58502789
64833956
5129398
5401613
12221
9150
1889
68638700
13434
8209589
39149764
34795968
7294
20712
11559
40517239
7097
35436933
5414056
7094
11144
25575
4330064
24914
28471
16873
39792753
8173035
51885744
61273404
43910
40478439
19531
10784
10693789
8257476
34522
4063120
29737
5806377
68897847
5392641
34795666
8334434
7549497
17137
58174191
39711
37311468
36511690
9189
36675070
52629083
35997
8209586
9898
5784027
8290
8209582
41135
7166297
8232251
7185893
733
30783
23453
26043
64916655
42213638
5473133
50423163
19728
1913
21194
65040584
64833961
8173580
26139
43560
8283968
10464
49660638
34700
5520
10692
8261447
8284
15467
26910
34192639
6460
4245894
5967
7770
16255
7682405
8261453
46349233
4434
16907
22886
47790307
14637
49660078
38597821
6397
44428
15749
6458
7625890
14024
19078
6717
31291
37272464
9488
7562065
18945
36511719
45248132
7462
44654
5501
16382
34794464
6551
2367
19343
32209
5337943
40517236
35961258
8201
6969
4073
5463973
7066
53061451
22319
57357091
21614
703
48048181
41511907
35436911
39762102
7157473
5392062
35058
10671
5222
535
9532
8574
7540408
14175
24280
37491
65747924
43672
5473610
232
8382180
18369
52902262
39762106
7656475
35258642
1440
21418
4153363
7157408
5319202
17860
65877490
34667513
18624
69341815
70071423
39152253
656
52373810
38013
5196649
6970114
24771
11554
40293
8285376
34865976
8207
19163
4004440
34808609
22839
20193
8288226
64833966
7305519
36622332
5837
43512336
32545
21453
71032398
8027
34793035
30326
10088
8392485
8257796
26394
38486
56194114
71073749
7162756
12848
5367575
15314
4270486
37866229
37638599
18563
46357554
35346
69411466
9610
3843
27847
34866015
8273222
39792696
7305506
8372
36126313
35844
7881504
5472120
5191
67391698
5330563
9486119
39792747
4115
39559542
8948475
5716
8173601
7185887
43137
34795540
64833971
878
13471
7149854
9795
7475478
10144
7496088
8289952
39903
5242243
2621
4663491
43278172
4572
8213491
43708867
35305
9657
17855
5396331
7310462
7552022
1551
11043
6252
7664655
3019
8335116
21634
43086019
32025
4428
62095557
8083380
65040576
5399042
37283
8171500
9026
37078
43459265
10693791
39132
9674
5737
38071
16152
7656958
8213268
8501121
20971
10313
6066456
64833942
20039
4755
8081854
37611
5952107
37098
35585
46815901
8173622
5368804
7536706
8590486
40294859
18966
7446995
12566
6361
44194685
5469829
43326770
8255655
71833307
23306
4527
2771
15950
5853156
6523654
50423504
18146
43053179
21910
10359
26159
7118861
17891
5182
12486
36622339
34880959
5307269
7185904
14442
4130231
1377
1767
12340
36956675
6104
5757141
69411467
8257479
5503038
4733
15780
5958822
12320
9469275
30865
39990930
64833958
7162751
9154293
7577819
16968
51826067
22184
444495
35011535
4153440
4270504
40000753
7230
10673
11045
12504
5913862
39921
12134
16383
46582448
5392634
8271051
10386
8273230
17941
26696
36365
10540
6490209
5617
7615617
6769869
47252391
38540840
2566
8288193
5171
40503
36354305
6928
492457
4014240
11074
7936
24104
761
32005
7289
6507309
7878586
59621819
65455507
70294898
7543678
6480
31190
7562319
32309
16827
9946
5196592
5427237
35037874
2880
35622488
4320
10836569
59067965
5427168
10674
16323
8254816
34534
5952199
7482993
7166291
4011149
5242279
35984768
4014246
4153410
403094
5196582
30708
8090
47401466
66891278
69254986
10590
23119
37385
23663
47622758
32561
4664
7536
8994
8389049
8452
4153409
71073754
69411474
7543717
9846
9108
6103
43503645
311
4825688
35010163
41666
34891
11877
70967608
29851
13110
42213632
32557
7879557
64915406
5785240
8236
34521
36354307
10791
43504148
6945
16653
7951576
64833978
65747922
43563709
10084
5502993
32056
38711
11031
43504271
38036
215
29074
39792727
9273
29991
42375185
35700
39989738
5765414
4964
52729823
39762122
58290129
8392476
6138
63866111
43564515
38510
47247366
14831
40478275
4894
8262205
36282408
8172492
4005882
53546392
60320555
18647
23446
15047
39762108
42211616
47717395
2074
8258312
34880776
480
6995
16768
5175488
17135
45961175
43999
40412
14641
7969
65924155
15031
21673
13346
5243
8246377
4536
3909482
42873262
5288073
33568
5508194
4130233
4571
7166287
35589694
4012663
10520
5184392
39543
13891
58578060
10769
39792728
3166087
8005
5347309
27832
11477
36354306
23056
6955
16814
35436899
1109
8382433
35224565
8257381
68901643
5427217
765
4664447
26075
257
4013653
506
8374
30533
5427230
36354315
13769
8962
34187
17318
11551
49634739
68900150
1119
4005857
28921
5745008
5271
1029
3968
14452
3844
2032
13968
8283977
61306272
1896
17999
5428801
5624
7086241
10459
15575
6821094
4006894
8500
5319091
577
7282806
5785963
14379
5807257
37273722
8334664
35478876
26663
2926
5460
20205
6457
5736
74247951
3990
9867
26063
29265
41604
20532
34867027
5392056
5832
43137856
8329743
33054
8257376
16758
39792749
50421792
6492
2321
8232207
5857708
36511696
19158
34741456
6625
44592
40056
34794821
71073755
24758
28120
11490
35232969
7577830
8381891
10243
30124
14888
7137946
10984207
34866140
46533014
34310
17825
9405
31811
2226
36622340
30510
6367
50721768
24033
51
15169
36622341
18643
65932622
4339
69341172
26900
47790485
37859907
12058
27210
6335
5153235
12881
5693
38112
7781796
413857
34880920
856
11033
5167171
5785969
8866
4269371
43156620
9612
36271748
33771736
2033
61269981
33186
8134
6507168
41783
1275
7108092
5426293
1453
11571
47655976
8232544
12196
17973
7458
44465163
23296
26463
7614514
4085485
8590740
41948
36354308
18599
7399
9530
36940987
65747914
17366
14782
36332914
65912131
50428204
8230501
20437
8368
12827
18312
4130229
39762140
24232
15999
12978
8700
16022
2660374
7682410
11527
27269
5490
6041
2445
17434
21038
5843929
32595
4014248
16418
36354317
43746671
13857
4718969
28935
26906
147
21362
18583
5456311
9848
28908
5395
40649
5853246
10470
44055832
22809
71073751
8232204
12653
7349
8578
26512
34279018
16972
37088
32174
5943
391
40118
5242466
39990937
8381888
15102
38997572
36511691
4039521
6524044
43045
7578059
36511709
5398949
18533
11476
21532
5862455
18225
35022174
71073750
6421
23334
39792712
6828011
70625718
8449663
52192889
38387731
65747912
11455
32076
7324868
71073753
45961293
16616
7662926
39989741
7230181
22484
36675074
49746657
10690
16837
4450
7577981
36432571
34141650
2320
39686685
2540
3578
26271
10597
7549250
8288774
39792715
7935
26852
36622318
34622
4246184
49981190
18693
34808727
54405284
6979770
42213432
51332142
43886
3912269
10516
12175
1768
26894
51172165
4011431
22549
8289424
42375203
7047
32573
11148
8646778
20691
37966810
36556
64833955
37294161
36441607
38583
43495
822
31072
35141236
6074177
14480
70967623
34796013
6485529
38594
7292
6100
18273
1474
36622325
50428526
43062
69411471
34795769
8389539
58289933
279
8284466
12214
5591
42707693
5368922
26005
5399047
1360
8257484
5745193
29037
5799198
4576027
10085
9843
8262244
28821
40580
44058295
36014558
27342
17267
7028149
28450
39792698
68495184
5463953
5995635
40640
4039962
5639
9393664
39836
2607
7552017
7562316
13841
34948006
27775
4005874
2973
34957841
6524498
65040573
72882798
7121279
8454
64833937
7219992
60742248
7148698
8257434
10138
7562051
53538505
35705
617
11983
68439831
46144655
39762123
3704
6751878
5387817
42552
35436917
16483
51475779
39762109
5518
26006
59887213
65977528
7552106
4152
8592864
4661770
427
64833943
26492
8258391
40048071
27330
51074008
35436904
13001
5824365
29730
51614793
71073752
5463964
35188328
39725746
20234
50605985
10045
39792756
14962
26325
24186
7457415
42578678
4582427
39762137
4245895
12013
44307322
4752
36943755
34949127
5368801
39928356
12511
505430
26668
7663202
9353
40283
15041
64833946
55245355
10693
5661
18000
36622330
5429478
11898
47212855
40069979
19042
5745150
5185
51093627
4712211
8315
7185919
12505
5427588
6108464
4958
28247
8257777
14620
40478152
39792734
54427794
8285320
37206
35961355
43137867
36611867
26339
20553
42375205
39122543
19834
5952103
19923
5428807
49634730
5331517
8233631
29192
4899
7157437
37408316
33444
36527
10099
5426323
39122289
7137830
33055
52371704
3146
5394
33293
18875
5948065
1612
5488
46456975
42101
31506
20656
17491
2267
22063
7166293
7441912
41658489
7561
65747917
295
9526
7219909
7640585
38327943
25363
4664117
23725
40281825
34055
10956
34795793
20522
65914361
36354352
5288842
263
10022
62828788
18644
13260
40453
7593302
50428197
28437
8286
35436918
10836419
2516
4039515
7562055
136
36153
48581698
23871
8393260
12417
8262216
28980
43150196
10799
2660630
5430809
21559
5331857
33291
58211480
40123650
8081744
25072
23337
70062589
6098800
7417285
7282787
40325
7592163
4460
9676
34795911
43763
33564
6843
4269665
10120
45201054
9486122
5224977
10297
1908
34302
10172
9597
36927
36354313
38472
35142294
7108027
64426933
39792731
8995
36055203
12683
66907748
26515
1707
32212
8394272
8948480
7185929
44575
3976
15728
188
5426264
8200952
43412579
8209572
8725
24601
44440
8609402
70625725
28998
39066
34883
21252
38343
6514289
64917701
66494804
18147
32287
7440591
8327781
40048181
46534079
8416
7875291
34795763
4003023
19733
18272
5351321
19107
8257473
35113823
26718
43885
7277094
32184
53472058
5445702
35021021
48048346
7185895
38354
8286091
952
20257
3509
19269
7562
9668
11301
12937
71032415
4526
36354314
39792717
65654787
5373868
5399569
39792711
42638
1342
28136
5347315
5864459
33198
7446784
13203
10171
32220
4127
8346
15133
63680250
37273046
40473838
9312
4531
6838436
4795
50915494
10378
4063158
5308005
40300379
70967617
39792754
7480465
514
34795481
4781
44045108
5841
36432575
39178
37994472
4576026
37717
8289694
16137
7447
23221
37867315
10767
4415
5890
34802495
2976
39568450
6939
5370192
406
28827
7185902
6935
34795536
29729
1350
7148620
438436
34738410
11740
28109
6507226
11334
8246384
34865971
4003268
4649897
26332
28334
1876
4658558
7655668
38997583
46766385
4563460
34520
5391989
28997
6641
5853252
44058300
3874
8352
7165617
5426315
9485629
19715
5361
6070443
16613
8915
15466
49793135
55768719
74248211
20345
8247558
38695934
5908333
7166645
22508
8083400
16021
4663492
6943
781
6055
7157414
5472135
30385
20078
13969
8173589
11619
40653833
41993
12975
65568161
34282
5319
13378
4014591
4442
52183053
5426278
7433914
15042
5205
10239
33685
3908340
6112
8168
50903712
28405
35604664
5347157
4271
37638590
12055
2375
2065
39397
8289696
31242
16126
39559543
5687
34795545
5392644
35984788
14963
7118895
30147
2067
17364
68502422
15776
66203111
42845879
46766380
7310472
2500
37763
34795973
17719
31429
8105
5225074
8232509
5892873
5391995
5799217
43512324
47252307
13570
41388
10209
33388
41492
9631
15756
35586676
30801
61306925
10719
13930
6972083
17479
7773003
5332778
9825
40449
7654602
39149766
41525909
43460014
20967
35606515
7563
40478441
50217995
64833947
11811
18525
5368132
31603
34794795
47685237
34133316
40913
4459
13237
16256
45400148
7540396
23666
40051059
66570920
15138
36511705
40018643
28687
26920
41654399
9341
8248775
11865
51871427
5851050
18822
18716
13763
13888
51475870
13319
23323
4003021
37277481
10693793
10954
8948
68980832
5959201
69411475
33757
9316
9902
27627
29621
5742560
64415032
39792706
30651
6045722
32928
26513
64833949
6507192
7562058
24021
8260876
8196695
7150022
5201004
5369093
52193280
34866079
17439
7929
2315
7137827
65747918
9776
28686
10063
10836423
43107364
12677
39792707
47248181
30382
8262253
70967613
39762155
43783
7664659
14551
7166642
27911
82
38009
5863431
8230648
5893946
39792730
15827
12446
42845885
5473132
64833951
4039517
8283973
5959181
39792716
36622334
11142
64833940
70967609
3149
5901927
26691
400
8139
3875
7654613
9862
9386
31701
26455
21290
5171604
4085608
39056
35020750
44423
7157475
6934
64833934
24269
7185916
42358
8257508
34802137
5736208
8259235
21766
36622338
14895
5371
5490628
8948462
26444
9154148
39792733
5287544
6513051
39762125
36511712
7258
64833977
13350
18884
5736239
66328123
71032416
5225081
52899020
19476
8284474
10836564
24574
43492
7148642
46582444
8065
9563
5466716
3119
11461
49660859
7654539
8645510
57817111
625
5502996
6561
57357077
30361
7951582
70080644
22740
15478
3905066
34445
3151
17993
41888
43286581
13780
39792710
9504
37994286
8063
7108070
27873
34795848
31236
37638588
5697
34882771
5744998
36276
34666533
15761
30360
9485607
16601
1808
7439204
70625724
36675082
39965342
403222
8257758
5247472
8257432
1905
1557
68944772
6514881
38997582
46456979
7580232
9154300
7780491
10387
43739
37586742
2122
31521
32244
11013
70818186
7418695
43512990
10585
5075970
18435
38997571
8392754
34848
8081730
4012201
13385
31255
5203775
25471
27098
42204238
4153408
39792699
11725
16589
28108
9675
69
26720
36474
8257377
5428818
39686301
3727
7433214
37638597
22209
7440575
52470130
39762110
37866695
7620038
4664817
39965330
5427694
58211371
6756
9434
420821
41630056
14317
7560
4269892
7203
1106
5368129
13837
22100
7620319
4040159
53510794
7305465
8738
20851
5522
38997573
8259232
8173593
13798
7491294
12801
59872900
7457
7934521
9062
34976466
623
8847212
10312
5427888
7202
37966780
60827251
47714826
38023447
6700
6524048
5427182
38267
2322
41910
25580
6790
41653741
6973
5916191
4516
15586
10146
5201008
34800203
7017138
5373642
15687
20692
8262631
7266
7165632
43868483
18830
68246029
1116
36282386
15658
13945
29999
754
4010499
2260
1546
10245
770
1231
1892
220
8609404
30614
34812
34927395
225
18150
4808740
22144
9485785
3624
5130
37476057
6698
68639234
34795704
9156
7265
5820
40906
12689
7578247
14042
65924165
27806
8261432
4769
5392637
37292860
3906820
183
14853
4153400
8259225
7577
5958937
59621853
12503
17414
11474
37398353
4422821
24495
59580912
39792735
4445517
10797
69340317
42829
25383
18735
6823877
34794857
5837765
5524
6452588
3601
7614510
39753
4605
7162753
5500895
8254819
429
8334513
34949124
41813
5464
5959196
44055871
5123
7282816
20372
33328
6940
12063
25171
7305468
34976358
12003
53276898
4790
41956
5785664
64833952
8287378
5446902
45394960
70967616
4006982
36511698
24884
71123614
34866070
9806
5760159
7577979
7413643
5351317
37876
6750244
7599213
34742753
51464412
10074
8173585
7157482
45248072
3854
5129126
35386189
39914
52729820
50233179
5239154
8304936
50607980
32026
10469
9254
3306
9112
69411469
5464840
43909
37274678
29202
8392478
25048
67025724
35131
5748911
25356
39792692
42690
37047
40838
30235
5473131
42745376
10839
7432
65040586
7654596
5429543
12838
8289699
22926
8257789
35140
4014245
11473
64833960
41302
70967614
37444
4952677
10458
7166647
7446768
64833944
6452509
46766382
5325077
413705
14771
47412836
34986011
64833975
7433845
32102
11986
42557659
17653
36511693
7412
6795897
3097
34553
1105
5347305
53553769
24613
5308028
6476104
66556795
47087098
39792691
10331
2661
10364
34794825
5793901
27975
11504
14434
9485625
11932
5828
37102
3584
10244
1888
5208331
5242269
65924157
41317
37867319
65040574
1189
2878
4418
953
8590572
36675073
44492
36622337
8810
8273227
39413152
5224
5446981
734
8970
36511692
40524
16525
8248778
4338
28652
1654
60328958
5225077
8171506
47731742
8004
4591
44055849
5745149
5284813
25635
19904
42211260
5958897
24993
7152645
17149
64833969
24878
59889029
8329741
50458879
3717
4819
21816
6507176
7004
7475473
5916436
3021
34555
39341
10515
13925
7810
7190
4317
9037
7310441
434593
40144612
34794473
9116
7166302
3263
8262240
26509
2319
6514250
44320093
42233
41364
39792689
5426287
54041587
5223
8258359
3902
65455504
1897
38819192
5821
4578371
769
23150
34661814
44481
6781
4014241
6769
64833962
5335
36932133
42967559
5840046
67157957
7496191
69254988
10140
40502
31606
64282643
38824
8257782
12510
42576
5853139
7655398
39989751
26400
5755497
6553844
44027097
36611887
438600
36500
5745009
12589
5752225
246
34806150
9607
7242
16530
37867378
15840
10182
1981
397384
36511697
6108856
11335
8171174
8254873
71073746
7549366
32115
8209487
43106744
35213
664
13941
38212
21265
37475709
7577984
4716305
71032413
35038783
34742756
7475475
34658966
6836787
55398967
12879
6975622
66891281
3701
27477
4130232
7185908
8302
40193841
2552
19291
70507811
16721
13714
9154283
60519861
9394903
24165
65040572
7162117
37638598
61
8257506
35224567
43107372
8257482
15929
8230652
34795493
37728
20443
9877
2972
7001513
5428318
5280269
20706
1893
6525168
10376
12200
64833973
6070441
7451
5586
37845896
37246
20973
7157420
7108021
32332
21329
6711
5463947
41741
38425
40007
13512
34865962
9516
5884
4003019
7540410
5694
22048
65040581
13216
7162692
5914468
9265
71073756
4664262
27216
5801
13603
11481
42506469
54024781
36354309
5324831
59628504
35807
13761
34061
10732
12174
591
7118855
15995
18836
2075
8453
69576090
7157439
