8646778
8645510
43266344
40193277
5191
25575
3614
7496088
7491294
13763
11898
42602
13762
34187
38112
33370
6751878
7496166
5181663
11334
25048
11335
11338
28652
24787
7496191
28136
11337
5075970
4663
4664
34144966
9657
5932
15687
10108
37611
14329
20613
12055
13203
6718
2566
26495
5543
5733
7047
21194
6092
5490
38009
7418723
7418695
26444
7747040
39725746
7663202
7664655
7662926
7682410
5464
7682405
5194
60532017
27992
42358
34891
9996
25393
8948
35589683
8484059
66907748
67025724
35460570
60789468
30614
31072
32005
25291
5271
11371
5806377
5913862
41492
25580
3912269
6467348
6057926
6824335
32738
24232
60843990
12446
27760
17479
25171
23329
11865
469934
28267
36625
28120
43998
42829
40502
19476
5242269
5309272
4339
40281825
4338
51102904
42462
11301
40432848
9509
33939
5284147
50021372
38070
38071
55068739
12175
1189
20522
20437
21026
34738294
40283
7154
6995
16256
23546
31537
26339
39711
43886
9674
9675
29991
49817372
36441607
9676
14045
49817622
5205176
49817625
5205173
15827
994
3142808
3166087
26006
10796
10243
4718
35224567
2516
32928
2548
33186
38267
8847212
29845
35208814
39989728
39989738
5330563
39989741
39989745
39989751
39990930
50458876
35224565
39990932
39990937
50458872
5367575
35961355
35961357
44055
40118
35224569
10170
23663
26477
30020
27819
35233
39543
26065
35983795
11043
11725
9776
25848
9631
5180
36282408
1775
36611867
11041
11455
10359
5203
26716
10570
9877
10842
36282386
36332914
36271748
42376692
5167171
5373868
5242466
4663490
4799581
33568
61102818
34463
40595
15102
469942
30222
726
5242279
37078
43999
7307
42764
16255
18735
23666
4663491
4663492
21158
20971
16483
35961258
39989566
42579
43885
10242
10207
2077
3166089
26455
10797
25252
50458879
2866
35589694
8484461
27975
33054
17430
9420
26400
5778834
42204238
4642657
4012166
4664817
183
18836
26463
6973
37398353
20532
579
577
502
6397
26718
10839
15088
950
7536
620
10378
5144304
5820988
1119
7152374
37966810
37966780
7157408
6970117
7152645
6490243
5745008
36881253
36940987
32220
5893946
36014558
46456979
35983968
35984253
46456975
47406427
28405
19923
7099
4429
4428
4427
4664447
2375
19904
17989
4430
7097
68944772
567
5639
7770
617
10022
5943
10023
2973
7349
2972
37966809
5757490
3968
5368922
1116
148
5508194
6742126
5744998
966
1897
622
1889
9265
9273
147
623
5446902
625
409
6452509
6108464
6108765
391
405
5843831
406
619
36320134
50915494
35232969
2376
12058
29851
12063
12062
12742
18643
18644
35258642
7108070
50721768
23112
50428533
39122742
37867319
5330594
215
260
263
2155
9156
480
220
257
39054
22
4011674
225
6551
5890
5239154
16873
34795704
18501
17653
9563
5123
19834
12937
9353
34658966
23014
4899
50421792
555
50423163
50423166
50423504
50428197
69
50428204
50428526
9295
5776204
38997571
37866229
37867315
37866695
39413152
8235047
60646763
2120
8866
4005857
158
39833492
45400148
9860
60846003
1550
1479
5745009
4011355
42002701
20004
61042441
4808740
5490628
5994686
34133316
5490282
6970114
6750244
39122543
5738355
18147
12653
4664262
38466273
40048077
40048071
56194114
47401463
35983940
47401462
47401466
5412
14436
14435
14437
12589
7294
18525
5400
18619
782
733
6457
6439
28097
11473
11474
11476
11477
11479
7935
11481
20078
5022
6108856
17666
734
1105
955
952
953
18369
17669
18146
34192639
35232962
13628
73178683
24217
73179511
73179514
73179515
70967615
70967616
70967617
36932133
4733
5347157
11490
6517762
34520
4153400
7640585
8259225
34794841
3717
5129398
39762116
39762106
39761992
39762108
39762109
39762110
39762111
39762102
39762121
39762123
39762131
39762122
39762125
39762140
39762137
39762154
39762155
39762156
68439831
66203111
39559543
39792752
39792749
39792750
39792751
39792710
39792711
39792707
39792708
39792712
39792715
39792717
39792716
39792690
39792689
39792692
39792691
39792697
39792699
39792698
39792736
39792745
39792746
39792741
39792748
39792747
39792733
39792732
39792729
39792730
39792731
39792725
39792728
39792727
39792735
39792734
39559542
39792753
39792754
39792705
39792696
39792755
39792706
39792756
38819192
7552106
34793035
7552017
51642605
7552101
7552022
10540
5501
43503645
54405284
3624
856
10138
13471
8338554
33771736
8338551
7540396
5862455
18684
7543678
10671
7540408
7540410
22059
35246572
5959201
35622488
38472
7593302
9945
7592163
7599213
4130231
7562055
4130229
7562051
4130232
4130233
7562053
7562065
7562316
7305495
7562061
7305461
7305465
7305472
7305490
7305468
7562319
7562322
1976
44736
6524044
2660925
6524041
6524051
6524048
14024
5331651
7305506
36474
7305519
7305512
39965342
5331800
7577830
7577979
7577834
7580232
7577819
7577981
14025
39965330
38342
7577644
7580241
10760
7577984
4320
7578055
7578059
7578247
5331789
16206
7149854
34865949
7562058
38343
7150022
18875
927
5332767
7580229
68897847
47790307
66570920
69341815
68897845
69340317
69341172
68246029
8283653
73180574
73180621
73180622
73180623
73180625
73180626
73180627
73180630
73180631
35058
43588415
40056
8304335
8304339
25471
42506616
42506469
34865956
73180676
73180678
71833307
20257
23296
8993
43492
197
44491
10792
9607
42902
30865
34795777
34795968
34795973
4011149
30185
38711
44022
38583
8304969
36527
35844
24789
65747919
65747915
51885744
4085485
34927395
8259235
8259232
34794857
35436934
35436933
70359879
65747916
8287378
53621846
70356418
57357091
57357077
5373642
59067965
60328958
62828788
8302872
16147
13760
13761
34958928
5785664
8248775
12566
34865962
43053179
32309
8257796
8248784
8248778
4006819
8257508
5785661
3807
11571
8248762
8248771
8248769
8254819
7148642
7148654
8254823
8255655
8254885
2367
8257501
8257498
8257512
22209
8257775
8257540
4825688
5785663
10707
73182300
73182299
26920
34865990
56671962
7185897
7185895
7185887
7185893
6786
73183193
6785
73183194
4585
73183195
5335
5243
73183197
4115
5606
9434
5472135
7549733
7549497
5864459
8548
16968
7549248
7549250
7549366
43736
4063124
4063126
4063120
4269665
8574
73183201
4330064
5472120
6476104
5865623
5332778
246
3976
7540782
14044
13216
299
11504
5370192
2661
8106
8380304
8381888
8381891
8381900
2658
2659
8381902
2660
5347315
8379257
5347305
5347309
6514803
26663
63856674
8105
40193841
70625722
70625715
70625714
73184271
73184265
73184272
73184273
73184274
46337746
73737098
53265206
13920
5392795
7157439
40640
1913
7157455
5392813
7001513
8611030
5396328
5396331
8611118
73184259
34806429
73184260
44266176
7157482
10069
70625721
7161988
7161980
7157437
73184240
38023447
70507811
4017088
33388
8334452
8334513
34801374
8285884
31672
5337943
8101
6770
5785971
4002999
8285320
8285338
5785969
5785963
39903
73184368
8285330
8285372
8285376
8285058
7148662
8285030
73184369
73184367
73184371
73184372
8286091
6518628
22184
8167
15761
41630056
19291
7148698
22063
7148705
7148702
7148710
34661814
6821076
37206
2267
16613
8285859
4571
73184350
4572
73184349
8286031
73184359
73107732
4664423
9576063
73184357
73184358
31833
4591
6975622
73184409
24878
8283656
5785240
16530
8304938
4632
34882771
7614510
43062
7615617
5175488
7614514
9528
4153409
9867
4153408
9870
14782
7620038
7620319
9529
4153410
12417
14962
7620855
5347181
9044
306
307
8231
15206
10828
10997
4269371
6507171
6507176
6507165
7446995
6507168
7453426
15780
311
73184691
5399047
38387731
70360575
13887
8168
4040203
4039962
21559
33948
5428807
43783
5427194
40719
5427185
5427182
70967623
113
1708
1707
41604
7166645
5843929
7166642
47212987
34794898
4153355
1808
40580
41364
41135
5814773
53132709
53132767
7185899
7185904
36500
4085608
4153440
70625718
71032413
8334600
15840
10244
10387
10386
10245
8334664
31242
71032416
71032415
14026
71073752
71073753
71073754
71073755
71073746
71073747
71073748
71073749
71073750
71073751
71073757
71073756
8394476
5368804
7266
5368801
1191
8289424
8288226
8289422
1193
8134
42144
5392018
8288193
40183
38575
8288189
41317
53886851
12320
8394482
5368129
769
8289440
7265
8289669
770
41792330
8289678
8289694
8289696
8289699
8289683
8289686
768
5368132
5368052
1194
8289740
73184878
73184879
73184881
73184882
8304296
186
34795763
34795769
36149422
3146
47622758
8948480
8948483
8948475
8948472
5398949
5398953
5398957
5398961
23810
43137879
43137867
43137856
37311468
15198
7165617
5748
7162756
24104
7162751
14379
7162753
5208331
5398933
7165632
5398927
5398936
34866015
34866018
4012401
765
7162723
6627
7162716
7162692
10115
3601
15543
8382430
34534
31603
3906826
3907291
35142327
54024781
10401
10163
5392065
5392062
5392056
26910
5391995
5391989
42744
21450
11551
40195
21453
22886
39344
39341
27237
35142294
31439
73184934
51074008
42375203
42375189
42375205
42375185
37123
50781613
44266021
70967609
70967608
71032398
43326770
53276898
7157473
7157475
19078
7157478
38486
70625726
73184954
73184960
8527
73184961
73184958
17137
73184969
7185929
8259207
8259144
72421997
8739
5398965
69411473
44509972
5331857
6533
8578
4658770
7162117
73184971
3905066
7162115
5466716
1231
7166318
1612
5392644
69411470
69411472
69411471
73184978
73185763
73185764
73185765
34795793
34795848
34795887
34795911
34794795
34794821
34793738
34796005
34794825
3509
35021021
8304936
8304934
8304930
8304932
35436935
34796002
810
8335116
8334704
44694
10524
8334908
34795951
34795958
56339413
7310472
43086019
17366
58502789
10520
65977528
70625727
73185079
14963
7310475
8258388
6057953
7310479
8258392
63560355
1183
8260279
22130
51475870
8261447
51475779
32102
6781
12221
5793901
69411474
8258359
8261432
41813
5427694
42578678
46380579
27021
42407
44194685
6523654
8334434
8332200
8332214
8332218
918
7046
3817
9532
7654596
27098
13463
7654609
7654613
41630065
7654602
8304990
8304981
35436936
51597533
35436938
35436939
35436937
35436942
35436941
35436943
35436940
35436944
35436946
35436951
35436949
35436948
35436947
35436952
35436950
35436955
35436953
35436956
35436954
35436945
38789304
4346
33579
37286
7446768
7446776
7446780
7446782
7446784
14475
73185095
35436923
35436921
35436922
35436920
35436924
39149764
39149766
39149760
39201097
9530
73185405
39397
17239
11719
73185139
73185400
73185217
8394505
44575
36956675
5995635
7441912
7441907
9402953
73185132
2880
5401664
7433219
7433221
7433214
35141236
35209731
73185448
17719
18583
47087098
12214
41630070
8394507
73185207
73185208
5326
4013653
4014242
4450
4014240
15610
4014241
15609
4014243
429
4014245
427
4014246
5337
4014248
34880909
34880776
4130201
4130209
7282813
7282809
7282819
7282816
7282787
4130204
6043882
7282806
7282800
7282791
7282803
9485788
9485785
9486117
9486119
9485685
9486122
8394262
8394272
9486383
9486354
9486377
9486386
9485623
9485607
9485625
9485616
9485632
2411
9485629
24758
3177
5901927
35997
5832
8590740
40462700
40478442
40478441
40478443
40478445
40478446
40478447
39686340
39686301
39686697
39686317
39686329
39686692
39686351
39686685
5463978
5463971
5463973
6836787
5473131
5473133
5473130
5473132
35141252
35141648
5463964
5463953
5463955
5463959
5445702
5445694
5445701
5172
4658558
5958897
7440591
7440608
5171
5959206
41511907
42780211
65040586
65040588
65040587
65040590
65040589
65040591
32026
73185447
35021149
35436926
35436930
35436928
35436927
35436925
35436899
35436908
35436903
35436900
35436902
35436901
35436907
35436905
35436910
35436906
35436904
35436911
35436913
35436915
35436916
35436914
35436919
35436917
35436918
35436912
5426268
9806
11317
5426282
2609
7789642
5426287
6490209
6485529
6485069
6485062
6485067
34310
5958822
10238
7440575
7440578
7440528
34667513
10239
5426264
5426318
5426293
5426315
5426278
34799463
42707693
49042624
26695
5901859
3141
2840
20707
6790
3909482
20706
3906820
8948462
44697
23984
20230
15006
73184389
9591
21056
5426327
7068
5426323
70967613
70967614
7412
8841768
35188328
42552
73185488
23447
43891
36943755
8335528
5369093
7433914
7541494
7433845
7433853
7433412
73185492
73185493
73185495
7457415
8841
9946
8304963
11740
44592
73184876
4085494
4085496
4085493
22171
2683
14227
8382180
8382182
5427221
5428818
17447
5427237
5427230
1981
34374
34865971
44492
33198
8063
5427888
5427212
5427474
6507226
5427833
672
24033
16418
10887
73180584
7656475
7656958
7656465
7655668
7655398
6480
6436
17973
16814
7455159
19728
18500
7455170
9260
15950
64833955
64833956
64833957
64833958
64833959
64833960
64833961
64833962
64833963
64833964
64833965
64833966
64833967
64833968
64833969
69576090
68502415
68502422
68496289
68495184
64833970
64833971
64833972
64833973
64833974
64833975
64833977
64833978
65924156
65924155
65747920
65924157
65747923
65747924
65924153
65747926
65747922
65924152
65747925
65924151
65747921
65919512
57655716
41835258
73185522
73185523
20656
7185908
7185902
13888
65747913
73185529
70818186
70818189
3584
6614
4063158
4063159
7108333
34700
7108088
7108092
1276
7108331
16452
16451
10662
1768
8065
1275
5520
6507192
7108021
7108027
36765065
25421
17438
7108085
7108053
16203
4661770
7108037
5325077
3082
878
31986
36467689
37000763
7185919
7185916
15466
5247472
7120445
46380766
39132
73185552
73185551
73185550
73185548
73185549
34881210
66494804
8611016
6795897
26668
4003268
20712
5426087
11625
9341
5426077
1273
43286581
11411
13780
74247951
74248211
39753
7096684
7096688
63680250
69411467
69411466
5414056
5414061
10473
42101
5807257
7330245
34802495
5426091
6421
4442
70818192
27545
4063160
7137830
7118872
16022
26720
31877
4006894
3906180
44711
7137827
6525168
3581
7118861
7118855
59889029
7118895
39917
7157417
53472058
7157420
7305426
7157414
7121279
37408316
17439
39921
7137946
5387817
59887213
59872900
44654
7118906
6641
43089375
65747918
65747917
6460
59628504
5916436
8247369
6367
59637957
8247558
1651
59620985
34880959
5916191
6514881
73185566
4269696
4073
8262213
8262205
8262208
8262219
4970
9316
5840332
59580912
8284242
60742248
52629083
59621819
61273404
59621853
59621861
61269981
64415032
41525909
9189
5586
1453
8273232
73185578
40503
5844661
6769
8246377
37728
2708
29617
2926
5129126
8232251
11619
11618
7148620
8232228
7310448
8232207
7310441
8232204
3021
7951582
7310451
7951586
7951576
3019
4819
69411475
49660078
8233631
7310464
7417285
7310462
8246384
15728
73185579
73185582
73185583
35038783
3908914
47685237
10693
31971
8304993
43266336
43708867
34866140
34866079
34867027
7166287
7166297
7166291
7166293
34141650
71032412
5392631
5392634
5392637
5392641
7166299
7166302
6821091
4105
6821086
4005874
50472074
6821094
5591
4005882
7457424
7457418
73185634
42093
7543544
2445
5475
4725581
7543675
34808609
28687
7543717
10045
30801
73185638
73185641
73185643
36325574
70625716
29737
7166647
69411468
7324673
9898
32332
73185725
73185726
5857708
30235
34866070
7324654
7185880
69411469
46337749
73185727
73185730
73185731
4716305
40462800
37051058
34806150
35359933
73180655
73180662
73180659
9220
7422552
59398722
5884
18533
7422534
2117
6513051
73180664
7422524
16758
57357097
9469275
46337745
73185761
73185760
73185762
6838436
70625725
70625723
70625724
65747912
65747914
32686
44194689
11148
13768
5429478
5429543
43501
2552
10597
43454717
6507222
13769
5427588
2578
19343
13925
20345
5428801
16308
34865976
16616
8388058
42676918
8389049
34800203
11461
8389539
1577
8392476
5742560
279
8392478
6476133
235
32287
8392485
6268
8392489
39821
8393253
6561
8392754
5319
8393260
38985
42233
8393262
5069
35449656
34865968
34986011
34880920
6396
21910
17149
40412781
24884
5853233
5853246
34134696
22021
237
1486
8812
5428318
5428324
8027
21092
7874866
37867378
38740861
51464412
38997584
38997574
38724317
38997572
59287948
38997573
488
60509439
21816
8592864
51
8738
188
37
2097
1029
4152
276
2033
2032
274
8747
240
7989
9342
1031
82
81
17135
16625
10693789
35586676
130
65654787
19715
6074177
5853252
5853139
5853146
5853156
7017138
18716
43278163
31658
19486
15987
19485
16064
15986
15984
31657
43278172
12486
4894
12126
12131
4958
46357554
46357708
32797
11811
656
6756
16865
51332142
12135
4439
6972075
5837831
12134
6972080
6972083
38997582
38997581
38997579
38997578
38997583
38997580
34922
33564
5854997
5398804
4422821
8289765
8289952
7878586
6492
6144
17962
5012
5288842
4578060
8675
6362
6361
7969
18822
18823
52371704
52373810
34666460
34666533
136
8733
18830
22016
134
1356
8656
10539
438436
60810348
4283
453806
505430
1008163
26696
36707
16683
1020
535
47
1023
1876
7277
66192
17934
17933
28020
32174
17999
17940
17941
413705
18150
34884
18000
21290
12838
12837
17860
17862
19912
34957841
397424
16907
10120
39066
16137
13603
5130
492553
8284
20734
28471
28334
18273
18272
41302
5768326
28450
7326623
23446
397384
12801
24601
35150
9613
397298
9612
10791
419443
26906
10297
16653
413857
13714
10786
397328
444495
15169
13968
13969
397534
6717
25635
24165
397368
13296
31506
23453
32066
40007
43909
31190
9405
10347
31291
36378
10345
24029
5488
10144
21038
35276
10140
9504
10145
10146
17255
9489
9488
29745
35705
5471714
16189
16525
39459
403222
6805436
21252
33777668
35223910
1125
5948065
29192
34030
10172
10171
30383
28908
36263
24280
30382
31521
19269
20372
25072
41956
13949
10590
438600
41948
44423
12435
37102
12437
37104
39445
40293
44440
37098
37765
44428
7092
37092
27477
7875291
27210
36672
793
22319
22508
16601
37283
5227802
4649897
16972
4012201
5306371
47412836
60230956
35117
25383
26159
10732
33293
33291
14480
17377
24186
5659
4537
5661
397671
6939
6940
12430
12429
28827
43564515
5824365
11652
7094
20195
6935
6934
434593
3854
30070
328
20318
42638
6066400
4718969
15467
5757141
403094
5840331
4536
492457
6553384
20193
3119
33745
5892852
5748911
29037
35020750
74190241
7563
7560
7561
7562
45394960
6799
3902
37246
51871427
41910
37763
40325
37115
15994
37088
17347
37086
44419
27909
27911
21541
514
5765414
4532
6928
6661
1125781
42108
9168324
27627
3263
44397
41888
420821
29202
36141
5149
5150
12401
40287
66329882
66329873
66328123
4271
44451
13260
43141
9598
13837
34566
21329
30708
33437
26394
41877
754
20454
35140
23917
23918
32482
20973
4605
34521
34522
31488
41630
41627
30124
4781
30187
31733
35022174
6769869
22262
37491
34555
16126
40838
37876
46952757
36276
27630
18966
5736208
33685
44061
37859907
6941
18884
31429
38425
31469
27873
5394
27269
29210
5911
41478
8257479
8257458
8257482
8257462
8257468
8257490
8257473
8257495
13370
13371
7664659
5395
4245894
4245895
8257432
8257434
8257442
6055
55398967
5752225
56176719
39568450
9037
10984207
10719
10984226
38212
8346
15042
15041
11877
4006982
46533014
46582444
46533019
46582448
19110
20347
15697
7023
32595
41654859
41654399
41653741
41654862
21614
14008
8070
6823879
6823877
6032884
6032891
6409052
9002
5330560
8424
46349233
47705604
34794473
34794464
34794479
41666
35888
31050
38824
16324
16323
26587
16708
8372
19163
15226
9075
16768
15130
8367
8368
19158
15146
32184
15314
5716
15049
15047
8352
15135
15133
19107
19105
5427217
5464840
5401597
25109
5401586
5446981
10836423
10836419
10836564
10836563
8374
61980922
10836569
8416
10836571
10836586
19136
15054
9054
8375
16721
10836584
9795
2660630
2660632
22946
4009913
15138
41649753
9059
9062
50459619
43045
43044
8332
8334
65695342
5892873
10063
49746657
43495
5225773
6452588
4667005
4667003
8257376
8257381
8257384
51369863
5305054
804
5746
5399569
32244
5399042
9132
24495
43560
30510
37444
36112
31910
23725
5307269
5308005
9651
12612
46534079
26047
34795493
34796013
34622
68207032
17336
36511704
36511705
14853
2953
34795540
34795536
26563
7323
36511715
7782077
5775780
8213953
8214154
41658489
8501121
761
7475473
34667174
34738410
7546504
7536706
35305
7211554
36899
20967
23056
13110
6104
27369
11381
13800
16174
7772609
8942
15311
19975
43504148
43504126
15306
13512
43504271
31314
28343
43512324
12677
43512336
19086
43512338
43512940
15305
7578
7577
43512990
36511717
36511719
36511721
36511720
70294899
70294897
70294898
7475478
41783
16358
73184395
73184394
73184397
73184396
10364
20320
73184399
7475475
73184405
73184406
23323
5224977
4011431
24574
36126313
36354313
36126336
36354312
36354306
36354310
36354305
36354314
36354308
36354315
36354307
36126328
36354311
36354317
36354309
33498
7780491
4790
2762
7781665
7781661
36511690
36511692
36511693
36511691
36511695
36511694
36511698
36511696
36511697
10859
34795545
34795549
36622326
36511707
36622317
36622318
24519
3908340
36353652
36353559
35572689
5958937
1654
7929
26793
20851
31306
6514250
43739
5450412
36511709
36511706
36511714
36511712
36511711
21794
36432577
36432579
36432578
36432580
16471
36432581
35780
36511702
8315
9634
6711
67391698
36622340
36622332
36622330
36622331
36622333
36622334
36675082
36675072
36675071
36622324
36622325
36622327
36622323
36622337
36622341
36622342
36622339
36622338
36675073
36675070
4952677
44270
6835455
34795666
19249
4014591
43266421
5959181
36675075
36675074
6378
8753
8752
8754
5959196
1408
12510
10458
15929
38321
7780513
7781106
36432572
8994
2620
44465163
36432571
36432574
36432573
36432575
36432576
36622336
36622335
31
16827
9738
32035
24171
36622319
36622321
36622320
36511699
36511701
36511703
7781790
26332
26325
26333
1474
20285
7044986
34883
17993
20039
28485
7432
12683
18312
7810
33724
20691
20692
26561
5473610
5745193
7439204
29729
35604664
13841
34795481
7687
7458
7451
7457
7461
7582
12689
12503
12504
12505
12506
34848
34976466
9526
7462
10459
4009336
12511
36511708
64833934
64833935
64833936
703
47722689
40318854
67220775
23673
16966
11144
14899
21790
13850
19230
37638597
37638596
37638602
37638603
37638599
37638598
37638594
37638591
37638592
14434
13573
13570
34282
12827
1557
1350
27801
17791
28311
18435
44481
29999
5519
2319
2323
65040578
16798
16797
2121
2123
2122
30385
295
9154808
65040574
65040576
7196
24771
11142
11143
13945
14888
1554
1109
9154285
65040579
65040573
65040581
35386189
1891
1892
1893
1896
30891
37292860
9154145
6895
12340
13941
66411922
6969
8302
25356
29416
21827
5518
44045108
37294703
7289
9154148
8660762
65040580
616
56684397
5801
9154293
65040582
17855
738
781
30467
32212
66891278
66891281
18225
1106
9154049
14900
16132
7292
25022
13319
9154300
20807
7156
1551
31255
44468
9154283
37638589
37638590
37638588
36149953
4246184
7242
14529
7190
65040583
7205
11140
7202
7194
7203
64833937
64833938
64833939
64833940
64833941
64833942
64833943
64833944
64833945
64833949
64833946
64833951
64833947
64833950
64833948
64833952
65040572
43826
8207
38003
27430
12090
664
5617
65040584
65040585
5456311
64443284
5736
5737
4434
64426933
15756
14771
66412612
8288777
8288774
5308028
11999
11995
11997
11998
8090
4667879
4667874
4667883
4667885
4667876
4667867
15643
11959
11960
11958
11961
7005
7007
7006
7010
4512
2321
2322
2320
32333
5225074
5225081
5225077
8257360
6625
3701
8258391
8258307
8258299
8258312
47655976
52183053
8258614
52902262
5427168
5081
5907
7249684
5463944
1767
8995
5203775
5463947
5463950
8173601
8083400
8083380
8083366
8173653
7879557
8173585
8173589
8173593
38354
40191268
40191265
5863431
10084
18563
37971
38327943
8257374
8173035
3703
3704
8262237
8262240
8329743
8329741
8329747
12975
8257785
8257789
8257782
8257777
8262216
8284466
8284474
8285025
8284477
8262192
8271051
8262234
8273222
8273225
8262199
8262253
8262255
8262203
8283966
8283968
8262635
8273230
8262629
8283977
6039
4460
4459
8257758
7881504
15478
9026
2621
7934521
7879389
7879392
40399
10085
5242243
6100
31578
8262244
8262220
8283973
8283979
8262631
8273227
5221
8257377
8257411
8081854
8261448
8261453
8261457
8261460
8261441
12978
37294161
6040
6103
6041
33779722
6240
8081730
35984768
5224
5851050
46766387
46766385
46766382
46766380
8260876
8261427
6253
18599
12977
6070443
35984788
5222
12988
5223
12989
18624
6070441
8081744
8081856
6252
8257484
8257476
63866111
6523687
3990
4269892
5184392
1888
36931
40069979
36932
6507309
7028144
7028149
6138
8725
19733
6137
17891
9150
1342
14442
8209582
8209584
8209586
6066456
4006231
8209487
8254816
8208272
8230504
8230642
8230501
8254873
8173659
8590486
8173641
8230646
8230648
8230650
8230652
37723
8209572
3578
40453
8254880
8255657
3097
32056
8209589
8209592
7073354
8173622
8173618
8173580
5500895
8208246
8200946
8200943
8200952
61139936
62177988
72885197
34478
16458
5745150
5624
5319202
61317795
50605985
5736239
22484
10209
5460
34618977
7654539
51826067
49672113
7003478
53445743
53510794
67157957
58174191
61517828
8590512
35807
62249982
52193280
40014454
52194324
542
35567252
9254
39056
45248132
45248072
5280269
27348
32209
4270504
6727
31606
13237
31236
19040
43137
7230181
35037874
34975296
4445516
4270486
43563709
9108
40000753
37845447
37277481
42557659
47346813
34949120
34949124
38303144
37274678
37845896
40300379
14452
14453
52387630
28980
47212919
35113823
34793657
34949127
38594
34949106
34949110
37844494
37844505
40303534
37845465
34949116
34949099
68542216
9855
12518
41388
52192897
68191962
52192889
47252307
4445517
47252391
16970
5351321
5351317
5469829
37235907
37586742
1758
39836
42211260
42211272
42211616
42213632
5171604
16589
42211620
42213638
2069
9668
61306925
61306940
7224869
7224883
6553844
30698
4578403
2067
6514289
9610
42213432
6072601
6071643
5201008
5201004
8590572
5450224
47670095
40412
43672
36927
21655
8945153
50478572
51156720
61391814
60320555
37273046
5745149
5745151
8236
5319091
50606504
7219909
14831
5153235
39297
50607718
5821
5820
70782434
36741043
38597821
34741452
34741456
34883201
50756208
5375138
9112
15650
47247668
15200
22144
25515
14620
4964
1470
5908333
5840046
50607980
6828011
61689252
5828
5827
43150196
8382433
9386
10376
10516
5952199
60729400
60308118
69542950
55763903
55764153
55764169
73116238
55768300
72882798
55769152
55768719
55245355
55625031
67896973
51614793
55123517
64282643
56682359
56682363
38541049
56682366
49981190
11986
7480465
7224749
7482993
10088
36127
7219992
72220600
35458407
50021354
25049
4576026
67372202
5153352
8428025
38695934
13385
38540840
6045722
4576027
43910
6524498
43746671
35010163
27847
4040159
34947428
25064
9402548
9393664
65727043
5784027
61306272
13447
65727054
37045428
5430809
34948006
5287544
40653833
9848
39928356
54041587
8915
50000542
40018643
40653825
10554
22100
72821611
4127
24783
1440
3061
22839
14042
67522138
2065
25562
22838
11564
11631
4012663
35852
34553
42673
5175577
4153363
24993
60519861
47248181
72142412
60518737
60639761
28999
33444
38374
49794299
49793135
4663476
1077
7760214
35010293
28935
35010319
6963677
10323
66174882
64613770
9902
3186
7772983
7773003
57283363
61282684
44798152
4246190
37273722
39122289
58289933
58290129
42616668
58912745
47193808
47212855
47212975
49660716
22740
35438121
49660638
61148322
596
25055
25054
2878
34812
10182
56921136
60646768
40144612
65391926
71077245
65455504
65568161
65455510
65455507
5952107
66554585
6963413
1910
38397073
26492
68136232
65455513
52899015
52899020
55771789
37994286
66556795
51172165
2228
8454
2482
4563285
39152249
52729820
52729823
60827251
60827253
60827248
822
15749
14641
50182883
14895
5952103
54795794
7324868
1908
51172169
4528
7324863
5431366
6667
40405798
1909
36982473
36611887
7086241
7232
4517
6979770
37994472
46815901
5392789
38643382
6979767
8453
7235
45201054
68136843
5196649
58578060
58578773
58578259
58578639
52470124
37060784
34976358
40647138
53061451
50204371
47790485
62089231
46144660
46144655
46182303
34802137
34802141
40051059
52470130
46842122
8818
4039617
7547107
4664117
40294871
44001058
40294859
44667437
44027097
40294866
50597214
50597216
47004274
47172456
47087218
45074682
38333
32573
7066
15831
7223
24726
22926
69254986
47247366
12050
7399
13378
17825
13273
12848
4526
4527
4531
12174
42868631
35011535
400
2231
2226
2225
40048181
21539
15575
14317
2561
18914
30651
47731742
62288221
5288073
8201
43460014
13346
2976
46288337
25363
22600
29062
14175
7258
22809
6698
6699
20803
2485
5214696
21362
6955
22772
7230
6945
4415
4418
2486
13434
2483
69254988
58129257
40050527
4578371
6943
12003
32787
43921
23731
8004
1712
12200
8005
28205
24727
5503038
25797
36055203
36055200
9852
6700
35478876
34279018
34279016
55012608
12004
23221
7064
7065
4104
14158
23306
27832
9516
162
12013
35493258
24269
6074
5371
5755497
50217995
5798683
40524
5524
41993
4547610
20332
5799198
6702
5799211
6075
5799217
4761727
5522
6073
8327781
50156206
43763
24804
6963420
10464
5247
31734
10262
20762
5361
56171141
16382
16383
9411
64917701
10678
9412
14726
34745
26139
26140
22223
22222
22224
2316
2317
29075
23168
2318
18994
2315
43313080
35329
36153
7397
10799
12791
11651
21180
21181
4010192
13947
1039
45961293
45961175
2075
11074
11075
4431
2074
5328641
15160
11559
45199357
4039521
4039517
4039515
4664429
591
2260
39152253
35131
27205
27934
27342
14738
15586
14551
23459
21532
5968
10835
5967
13891
5825
37717
10099
5211
5837
11031
11033
34544
11035
33328
20553
26900
9766
9767
5969
10571
11527
14838
193
21634
33055
17481
4697
5833138
5914446
9643
64915406
31917
17414
3843
3844
5401613
5914468
6335
9501
9116
64916655
9644
9114
10074
4755
4752
9857
10331
8452
10329
4756
12196
10349
4516
10351
17420
17491
3151
3149
10767
10768
10926
32115
5841
3875
2500
1434
13857
16100
30533
7413643
34438
10692
10470
17412
4674
40473838
40478275
40478152
40478439
10214
10690
10312
13701
10469
10943
10313
32995
10673
10674
17334
11949
2540
38626
9515
17450
19182
8449663
36556
10176
9602
5183
5458
5186
5185
6867
16021
10512
9597
39687474
10583
10515
16618
23871
19392
6987
9841
8258
10582
3874
9842
24021
10584
9843
25795
15998
10585
4687
15999
17434
8962
8286
5694
8290
5687
5688
5693
25084
12182
10954
1905
27796
40906
11013
26691
10157
8213491
21890
4003019
4003021
4003023
4003020
37600802
8026737
26657
8196695
8139
67612123
70080644
25167
6954
4908
26063
35588021
48581698
4010499
16837
4007771
38991100
17364
10956
16314
44306985
27806
13259
29277
34055
5837765
33299
34302
18648
33757
2839
2774
24914
11044
32461
34892032
13001
4004440
7625890
44307322
44320093
8700
6953
31811
5205
10769
32545
34061
40913
11871
8333813
9312
11045
6042
15557
6044
39178
68900150
68901643
9498347
9143609
506
21265
10987
4269876
5153214
35213
26515
47518520
47518534
73493517
29455
38036
17318
34667449
32637
33229
5648
23252
32564
4315
68199267
26506
42690
13390
9825
5196592
5196586
5196597
5196582
28771
42845879
42845885
42845334
42873262
29275
15996
35606515
31701
9874
65924165
65912131
65914361
34445
43107372
43107364
43106744
43107274
8609402
8609404
28437
15658
8184083
8172501
8172492
6842
8194497
26043
8191318
42576
55667690
53546392
53538505
56145382
56157013
55667759
57817111
5324831
20205
8171174
7147
18470
8171500
6843
8171506
41490
16152
18688
33586
9862
42745376
8232559
8232544
54427794
9394903
40517236
40517093
40517096
40517239
38013
37389
37390
40449
65932622
6771508
7118
42819
7277094
13767
11793
42820
6771281
34808727
3306
40649
36377
26075
23120
8213272
1851
8213268
2935
20234
44054759
44055832
44058295
44055849
44058306
44055871
44058300
70023009
8213282
7654579
23119
32745
26894
2607
11315
61
29074
1170
5762
6098800
5133117
21772
11432
39914
4587629
9641
14714
5760159
12879
5760157
69033336
72184170
72754195
32561
8230494
24613
34144139
10177
22549
34108
73473894
49641829
49634739
48291386
49660859
49659762
47714826
62095557
4769
40123650
43412579
51835142
49634730
8232509
31210
26993
44053
2771
29621
28997
22048
32557
10784
35346
23150
20984
10399
5650
17312
19530
30360
30361
28686
32076
5758
27923
15776
21766
28821
14148
11554
17311
26507
26512
26513
17267
26509
4712211
4317
13350
22050
30147
4795
13394
19054
22673
19531
65877490
35410
28921
26005
35341
15595
28218
14543
27775
35342
27330
53553769
58211371
7447
20675
21418
50233179
924
30176
12066
8232492
47717395
47639121
6830893
11932
15995
32025
8500
37272412
11934
10362
10363
5649
19261
66447139
68980111
68980123
68981213
68980832
27241
6962
25976
7781796
8810
18647
14637
31866
19042
18945
4563460
2660374
12954
28735
28736
31800
35976
48048184
75
6112
6458
5
8811
1546
37609295
6763814
73178551
3840
23337
23333
23334
23335
34742756
34742753
5502996
5502993
37476123
37475709
37476057
37475705
35700
26271
36098
5284813
41741
5463968
35585
48048181
48048351
48048346
1545
5994338
37154803
51093627
51093631
51093623
28109
28108
28247
27850
68639234
68638700
50903712
42967748
42967559
3727
42237969
4582427
1572
37272464
13284
13930
21673
29730
21904
11268
11428
19504
16777
29265
337
10167
3909427
38991249
30120
70062589
70071423
7004
9846
11021
14386
36365
34054
13798
20443
43459265
43868483
73417509
7936
5331517
1360
33596
30326
11983
67660635
30783
71123614
4011649
41961
26852
63110931
10953
27234
8257506
32562
58211480
35776
12881
5697
8970
5690
15031
43237862
43156620
8292
27053
16482
5181
4793902
5182
1377
10693795
10693791
10693793
38510
16838
37047
3907437
5737356
36354352
36348047
6553852
18693
28998
27216
37385
36354374
36354367
39794
5851851
44600
36870
7576243
27757
5813
17251
7033
5499
5854898
5802
20670
17395
67290812
12224
38864415
28016
28140
34144
29497
34053
5346124
20500
8222395
26323
38822052
52109859
69249174
9887
31830
40066
11929
8213674
41446
5498
71901840
14427
38244
7566
2520
32879
11199
45916794
39378
27756
10402
27225
27623
10403
11226
35533
65955743
65941874
65936572
71900837
12248
10233
10258
8232514
4039468
29889
13591
69223989
69224283
29852
21046
34244
19070
35518980
35518977
1873
28534
29750
18881
6573
6283
4965
70795792
7498757
3586
8587983
7446970
33201
14495
22299
35817
25497
22488
10563
12588
58062046
6126
472
5949
471
17218
5216500
470
43110683
6125
17219
6249
6215
129451
5938
6217
8729
6216
40674995
40398
4614
4613
4135
13096
7980
34891815
37229
7301
60369889
16639
21502
16678
5774103
40624
7437721
5494223
85
41451
7354
15795
39535
39534
41301
43609372
42737657
8497
19214
18133
73406627
20096
13643
17709
18266
12740
74207719
35025
35587062
18540
23032
23033
41973
5353160
24691
38461
34855
34854
26032
43279
34915318
7849
21246
6747578
18318
18988
18989
24600
13964
21463
7087595
26438
2493
2492
2495
2494
21022
21023
11183
16159
44017
12820
31067
5814
1157631
441937
17952
32345
18105
3908442
18112
18113
18111
43486075
10544
30204
38396426
49795638
8234450
8594392
8083341
6477020
17994
8289415
13541
17995
7850
40378
170
44606
38654
309
413778
438481
19008
438415
438398
438391
40144
3002
19009
44253
18107
43295957
438597
8259213
8392
36880190
8333816
8333779
15455
8333773
31399
14858
8288312
8288315
8288306
8288327
8288332
8288325
8288279
8288299
8288253
8487906
8487889
8487891
8487890
8487896
8487894
8487892
8487905
8487895
8487893
8487897
8487917
8487899
8487898
8487912
8487900
8487902
8487904
8487903
8487901
8487907
8487909
8487908
8487913
8487911
8487910
8487914
8487915
8487918
8487446
8487445
8487447
8487449
8487448
8487451
8487450
8487454
8487455
8487453
8487456
8487452
8487459
8487457
8487458
8487460
8487463
8487462
8487461
8487464
8487465
8487466
8487469
8487470
8487467
8487468
8487471
8487474
8487472
8487473
8487476
8487478
8487477
8487479
8487475
8487484
8487480
8487482
8487483
8487485
8487481
8487489
8487487
8487486
8487490
8487492
8487488
8487496
8487493
8487495
8487494
8487491
8487497
8487498
8487499
8487500
8487504
8487503
8487505
8487501
8487502
8487506
8487510
8487507
8487508
8487509
8487514
8487511
8487513
8487512
8487515
8487517
8487519
8487520
8487518
8487516
8487521
8487524
8487523
8487526
8487522
8487525
8487529
8487530
8487531
8487528
8487527
8487532
8487534
8487536
8487533
8487535
8487538
8487537
8487539
8487540
8487541
8487544
8487543
8487545
8487546
8487542
8487549
8487548
8487551
8487550
8487552
8487553
8487555
8487556
8487557
8487554
8487561
8487562
8487559
8487560
8487558
8487563
8487566
8487565
8487569
8487570
8487568
8487567
8487572
8487571
8487577
8487575
8487564
8487573
8487576
8487574
8487579
8487582
8487580
8487578
8487581
8487585
8487584
8487586
8487587
8487583
8487589
8487593
8487590
8487588
8487591
8487592
8487595
8487594
8487598
8487596
8487603
8487597
8487601
8487602
8487600
8487605
8487599
8487606
8487607
8487604
8487609
8487608
8487611
8487610
8487612
8487613
8487619
8487614
8487615
8487618
8487617
8487616
8487621
8487620
8487622
8487624
8487626
8487623
8487625
8487629
8487627
8487628
8487633
8487632
8487634
8487630
8487631
8487638
8487639
8487636
8487635
8487637
8487641
8487644
8487643
8487640
8487642
8487649
8487645
8488227
8487921
8487920
8488325
8487919
8487922
8487926
8488244
8488242
8488243
8488314
8488313
8488316
8488315
8487925
8487930
8487923
8487931
8487927
8487929
8487928
8487932
8487933
8487934
8487935
8487936
8487938
8487937
8487939
8487940
8487945
8487942
8487943
8487941
8487944
8487947
8487948
8487946
8487951
8487952
8487950
8487953
8487954
8487957
8487955
8487958
8487959
8487961
8487956
8487962
8487964
8487960
8488308
8487949
8488246
8488247
8487963
8487967
8487965
8487968
8487966
8487971
8488250
8487972
8487969
8487975
8487976
8487974
8488245
8488251
8488248
8488249
8488253
8488252
8487970
8487980
8487977
8487979
8487978
8487983
8487982
8487981
8487985
8487986
8487987
8487984
8487990
8487988
8487989
8487992
8487991
8487993
8487994
8487998
8487997
8487995
8487996
8488002
8488219
8488311
8488232
8488000
8488001
8488005
8488006
8488004
8488003
8488010
8488007
8488008
8488254
8488257
8488258
8488256
8488255
8488231
8488229
8488009
8488228
8488310
8488011
8488012
8488014
8488013
8488015
8488017
8488016
8488019
8488020
8488018
8488021
8488024
8488023
8488022
8488025
8488026
8488309
8488027
8488028
8488031
8488032
8488030
8488029
8488034
8488318
8488317
8488035
8488036
8488321
8488261
8488033
8488038
8488039
8488320
8488323
8488324
8488322
8488326
8488040
8488037
8488045
8488041
8488044
8488259
8488260
8488262
8488265
8488264
8488043
8488042
8488047
8488049
8488046
8488048
8488052
8488053
8488050
8488327
8488051
8488329
8488056
8488055
8488057
8488061
8488054
8488059
8488060
8488058
8488062
8488065
8488064
8488063
8488066
8488067
8488319
8488068
8488070
8488069
8488073
8488230
8488234
8488233
8488071
8488072
8488076
8488077
8488075
8488074
8488080
8488081
8488085
8488082
8488083
8488084
8488079
8488078
8488225
8488090
8488088
8488223
8488087
8488089
8488091
8488086
8488092
8488093
8488095
8488097
8488094
8488096
8488100
8488099
8488235
8488106
8488107
8488108
8488104
8488098
8488103
8488101
8488102
8488105
8488109
8488110
8488111
8488115
8488114
8488116
8488112
8488113
8488263
8488268
8488267
8488266
8488269
8488272
8488270
8488271
8488275
8488273
8488276
8488274
8488280
8488117
8488118
8488123
8488121
8488122
8488125
8488127
8488124
8488126
8488128
8488131
8488129
8488130
8488132
8488136
8488133
8488134
8488277
8488278
8488279
8488120
8488282
8488284
8488283
8488119
8488281
8488288
8488135
8488137
8488138
8488140
8488139
8488143
8488144
8488142
8488148
8488141
8488147
8488221
8488146
8488145
8488152
8488154
8488153
8488157
8488155
8488156
8488159
8488158
8488160
8488161
8488165
8488149
8488285
8488150
8488287
8488151
8488286
8488289
8488163
8488162
8488164
8488166
8488290
8488291
8488292
8488293
8488167
8488168
8488222
8488294
8488295
8488298
8488300
8488297
8488296
8488172
8488174
8488178
8488177
8488169
8488170
8488173
8488171
8488176
8488175
8488224
8488180
8488182
8488181
8488184
8488185
8488179
8488183
8488303
8488302
8488301
8488307
8488305
8488189
8488186
8488192
8488190
8488195
8488188
8488187
8488191
8488194
8488198
8488196
8488197
8488199
8488193
8488201
8488200
8488236
8488237
8488204
8488206
8488304
8488202
8488209
8488212
8488211
8488210
8488203
8488205
8488208
8488207
8488215
8488214
8488213
8488306
8488220
8488218
8488216
8488217
8488226
8488241
8488239
8488240
8488238
8488312
8488328
8487916
8493321
8493322
8493323
8493331
8493326
8493335
8493336
8493332
8493342
8493338
8493339
8493344
8493341
8493343
34008230
34008248
8493352
8493348
8493351
8493346
8493347
8493350
35420
8333752
8333743
8333747
8333749
5473628
8333651
8333683
8333739
5473633
8333736
8333734
34018111
8493251
8493243
8493248
8493247
8493253
8493254
8493252
8493245
8493255
8493256
8493260
8493287
8493302
8493286
8493299
8493294
8493291
8493285
8493295
8493297
8493301
8493314
8493309
8493308
8493315
8493304
8493311
8493317
8487646
8487650
8487647
8487648
8487651
8487653
8487654
8488330
8488332
8488331
8488333
8488336
8488335
8759016
8759024
8759026
8759028
8759030
8759032
8759034
8759036
8759038
8759040
8759044
8759046
8759048
8759051
8759054
8759056
8759059
8759061
8759065
8759068
8759071
8759073
8759079
8759082
8759084
8759088
8759090
8759093
8759096
8759086
8759098
8759102
8759100
8642443
8644605
8644610
8644613
5473604
5473607
8644866
8644869
8644872
8644877
8644881
5473590
8644884
8752687
8752689
8752862
8752992
8753431
8753440
8753443
8753447
8753450
8753452
8753454
8759001
8759003
8759005
8759011
8759009
8759014
8488334
8488337
8488338
8488339
8488341
8488347
8488349
8488351
8488340
8488342
8488343
8488344
8488346
8488345
8488348
8824133
8851228
8824168
8851231
47818647
8824172
8851235
8824180
8851241
8824183
8824185
8824187
8824191
8824196
8824199
8824201
8824204
8824206
8824209
8824211
8824106
6399
8823804
8823802
6931187
8848979
8851244
8853785
7445103
5950491
8823813
8823815
8823817
8823819
8823806
8823810
5374124
6400
8824116
8824123
8824127
8824131
8853787
8853807
8853817
8853820
8823822
8327298
7621399
8858910
8858915
8858918
5958889
8823824
8823827
8823831
8858962
8824093
8823965
8823835
8824095
8824097
8824101
8493278
8493280
8493267
8493269
8493270
8493277
8493283
8493268
8493265
8493275
8493273
8412556
8412560
8412564
8412567
8412571
8412574
8413055
8413058
8413062
8413065
8410576
8410578
8410580
8410583
8410585
8410588
8410922
8410924
8410927
8410932
8410935
8411282
8411584
8411682
8411726
8411729
8411824
8411826
8411828
8411830
8411834
8411836
8411838
8411840
8411842
8411845
8411851
8411853
8411858
8411968
8411971
8411975
8411977
8411979
8411981
8411984
8411986
8411988
8411991
8411993
8411995
8411997
8411999
8412001
8412003
8412005
8412250
8412394
8412541
8412544
8412547
8412552
8609407
8609409
8609411
8609413
8609415
8609417
8609419
8609421
8609423
8609425
8609427
8609429
8609433
8609437
8609439
8609441
8609443
8609445
8609491
8609493
8609498
5445262
8333935
5445282
8410237
5445312
8410242
5445363
8410247
5445378
8410250
8410256
8410283
8410292
8410290
8410358
8410362
8410365
8410371
8410375
5952961
8333929
8333931
5187097
8437561
7139185
8484023
8484021
8484013
8484044
8484006
8484041
8484000
8437545
8484002
8437541
8484025
8437549
8484029
8484004
8333884
8333897
8333881
8333900
8333876
8333911
8333913
34019476
34020533
34020539
34020544
34020548
34020551
6315
36763977
5305450
2891
8437370
891
8437359
8437368
8437373
8437363
8437376
8437381
8487655
8487652
8487658
8487657
8487660
8487656
8487659
8487662
8487663
8487661
8487664
8487665
8487668
8488355
8488353
8488350
8488358
8488356
8488354
8488360
8488357
8488359
8488363
8488361
8488364
8488362
8437383
4691169
8595225
8595231
8588457
8595221
8588454
8588451
8595238
8259124
8606652
8606634
8606948
8606641
8606938
8606637
8606647
8606852
8606951
8606954
8606644
8609073
8606766
8606943
8606946
8609069
8259215
8259218
9871
34017630
34017638
34015200
34015208
34013039
34015212
34015191
34016632
8333176
8333188
8333192
8333179
8333182
8333184
8332194
8332203
8332208
8332422
8331937
5242292
4269976
34008265
34008268
34008225
34008234
34008239
34008251
34015229
34015223
34015226
34015234
34015215
34015219
7278727
4353206
34017642
34017834
